r	Na-Na	Na-Cl	Cl-Cl
0.010000	0.000000	0.000000	0.000000
0.030000	0.000000	0.000000	0.000000
0.050000	0.000000	0.000000	0.000000
0.070000	0.000000	0.000000	0.000000
0.090000	0.000000	0.000000	0.000000
0.110000	0.000000	0.000000	0.000000
0.130000	0.000000	0.000000	0.000000
0.150000	0.000000	0.000000	0.000000
0.170000	0.000000	0.000000	0.000000
0.190000	0.000000	0.000000	0.000000
0.210000	0.000000	0.000000	0.000000
0.230000	0.000000	0.000000	0.000000
0.250000	0.000000	0.000000	0.000000
0.270000	0.000000	0.000000	0.000000
0.290000	0.000000	0.000000	0.000000
0.310000	0.000000	0.000000	0.000000
0.330000	0.000000	0.000000	0.000000
0.350000	0.000000	0.000000	0.000000
0.370000	0.000000	0.000000	0.000000
0.390000	0.000000	0.000000	0.000000
0.410000	0.000000	0.000000	0.000000
0.430000	0.000000	0.000000	0.000000
0.450000	0.000000	0.000000	0.000000
0.470000	0.000000	0.000000	0.000000
0.490000	0.000000	0.000000	0.000000
0.510000	0.000000	0.000000	0.000000
0.530000	0.000000	0.000000	0.000000
0.550000	0.000000	0.000000	0.000000
0.570000	0.000000	0.000000	0.000000
0.590000	0.000000	0.000000	0.000000
0.610000	0.000000	0.000000	0.000000
0.630000	0.000000	0.000000	0.000000
0.650000	0.000000	0.000000	0.000000
0.670000	0.000000	0.000000	0.000000
0.690000	0.000000	0.000000	0.000000
0.710000	0.000000	0.000000	0.000000
0.730000	0.000000	0.000000	0.000000
0.750000	0.000000	0.000000	0.000000
0.770000	0.000000	0.000000	0.000000
0.790000	0.000000	0.000000	0.000000
0.810000	0.000000	0.000000	0.000000
0.830000	0.000000	0.000000	0.000000
0.850000	0.000000	0.000000	0.000000
0.870000	0.000000	0.000000	0.000000
0.890000	0.000000	0.000000	0.000000
0.910000	0.000000	0.000000	0.000000
0.930000	0.000000	0.000000	0.000000
0.950000	0.000000	0.000000	0.000000
0.970000	0.000000	0.000000	0.000000
0.990000	0.000000	0.000000	0.000000
1.010000	0.000000	0.000000	0.000000
1.030000	0.000000	0.000000	0.000000
1.050000	0.000000	0.000000	0.000000
1.070000	0.000000	0.000000	0.000000
1.090000	0.000000	0.000000	0.000000
1.110000	0.000000	0.000000	0.000000
1.130000	0.000000	0.000000	0.000000
1.150000	0.000000	0.000000	0.000000
1.170000	0.000000	0.000000	0.000000
1.190000	0.000000	0.000000	0.000000
1.210000	0.000000	0.000000	0.000000
1.230000	0.000000	0.000000	0.000000
1.250000	0.000000	0.000000	0.000000
1.270000	0.000000	0.000000	0.000000
1.290000	0.000000	0.000000	0.000000
1.310000	0.000000	0.000000	0.000000
1.330000	0.000000	0.000000	0.000000
1.350000	0.000000	0.000000	0.000000
1.370000	0.000000	0.000000	0.000000
1.390000	0.000000	0.000000	0.000000
1.410000	0.000000	0.000000	0.000000
1.430000	0.000000	0.000000	0.000000
1.450000	0.000000	0.000000	0.000000
1.470000	0.000000	0.000000	0.000000
1.490000	0.000000	0.000000	0.000000
1.510000	0.000000	0.000000	0.000000
1.530000	0.000000	0.000000	0.000000
1.550000	0.000000	0.000000	0.000000
1.570000	0.000000	0.000000	0.000000
1.590000	0.000000	0.000000	0.000000
1.610000	0.000000	0.000000	0.000000
1.630000	0.000000	0.000000	0.000000
1.650000	0.000000	0.000000	0.000000
1.670000	0.000000	0.000000	0.000000
1.690000	0.000000	0.000000	0.000000
1.710000	0.000000	0.000000	0.000000
1.730000	0.000000	0.000000	0.000000
1.750000	0.000000	0.000000	0.000000
1.770000	0.000000	87.524004	0.000000
1.790000	0.000000	0.000000	0.000000
1.810000	0.000000	0.000000	0.000000
1.830000	0.000000	0.000000	0.000000
1.850000	0.000000	0.000000	0.000000
1.870000	0.000000	0.000000	0.000000
1.890000	0.000000	0.000000	0.000000
1.910000	0.000000	0.000000	0.000000
1.930000	0.000000	0.000000	0.000000
1.950000	0.000000	0.000000	0.000000
1.970000	0.000000	0.000000	0.000000
1.990000	0.000000	0.000000	0.000000
2.010000	0.000000	0.000000	0.000000
2.030000	0.000000	0.000000	0.000000
2.050000	0.000000	0.000000	0.000000
2.070000	0.000000	0.000000	0.000000
2.090000	0.000000	0.000000	0.000000
2.110000	0.000000	0.000000	0.000000
2.130000	0.000000	0.000000	0.000000
2.150000	0.000000	0.000000	0.000000
2.170000	0.000000	0.000000	0.000000
2.190000	0.000000	0.000000	0.000000
2.210000	0.000000	0.000000	0.000000
2.230000	0.000000	0.000000	0.000000
2.250000	0.000000	0.000000	0.000000
2.270000	0.000000	0.000000	0.000000
2.290000	0.000000	0.000000	0.000000
2.310000	0.000000	0.000000	0.000000
2.330000	0.000000	0.000000	0.000000
2.350000	0.000000	0.000000	0.000000
2.370000	0.000000	0.000000	0.000000
2.390000	0.000000	0.000000	0.000000
2.410000	0.000000	0.000000	0.000000
2.430000	0.000000	0.000000	0.000000
2.450000	0.000000	0.000000	0.000000
2.470000	0.000000	0.000000	0.000000
2.490000	0.000000	0.000000	0.000000
2.510000	0.000000	0.000000	0.000000
2.530000	0.000000	0.000000	0.000000
2.550000	0.000000	0.000000	0.000000
2.570000	0.000000	0.000000	0.000000
2.590000	0.000000	0.000000	0.000000
2.610000	0.000000	0.000000	0.000000
2.630000	0.000000	0.000000	0.000000
2.650000	0.000000	0.000000	0.000000
2.670000	0.000000	0.000000	0.000000
2.690000	0.000000	0.000000	0.000000
2.710000	0.000000	0.000000	0.000000
2.730000	0.000000	0.000000	0.000000
2.750000	0.000000	0.000000	0.000000
2.770000	0.000000	0.000000	0.000000
2.790000	0.000000	0.000000	0.000000
2.810000	0.000000	0.000000	0.000000
2.830000	0.000000	0.000000	0.000000
2.850000	0.000000	0.000000	0.000000
2.870000	0.000000	0.000000	0.000000
2.890000	98.502658	0.000000	98.502658
2.910000	0.000000	0.000000	0.000000
2.930000	0.000000	0.000000	0.000000
2.950000	0.000000	0.000000	0.000000
2.970000	0.000000	0.000000	0.000000
2.990000	0.000000	0.000000	0.000000
3.010000	0.000000	0.000000	0.000000
3.030000	0.000000	0.000000	0.000000
3.050000	0.000000	0.000000	0.000000
3.070000	0.000000	0.000000	0.000000
3.090000	0.000000	0.000000	0.000000
3.110000	0.000000	0.000000	0.000000
3.130000	0.000000	0.000000	0.000000
3.150000	0.000000	0.000000	0.000000
3.170000	0.000000	0.000000	0.000000
3.190000	0.000000	0.000000	0.000000
3.210000	0.000000	0.000000	0.000000
3.230000	0.000000	0.000000	0.000000
3.250000	0.000000	0.000000	0.000000
3.270000	0.000000	0.000000	0.000000
3.290000	0.000000	0.000000	0.000000
3.310000	0.000000	0.000000	0.000000
3.330000	0.000000	0.000000	0.000000
3.350000	0.000000	0.000000	0.000000
3.370000	0.000000	0.000000	0.000000
3.390000	0.000000	71.571554	0.000000
3.410000	0.000000	0.000000	0.000000
3.430000	0.000000	0.000000	0.000000
3.450000	0.000000	0.000000	0.000000
3.470000	0.000000	0.000000	0.000000
3.490000	0.000000	0.000000	0.000000
3.510000	0.000000	0.000000	0.000000
3.530000	0.000000	0.000000	0.000000
3.550000	0.000000	0.000000	0.000000
3.570000	0.000000	0.000000	0.000000
3.590000	0.000000	0.000000	0.000000
3.610000	0.000000	0.000000	0.000000
3.630000	0.000000	0.000000	0.000000
3.650000	0.000000	0.000000	0.000000
3.670000	0.000000	0.000000	0.000000
3.690000	0.000000	0.000000	0.000000
3.710000	0.000000	0.000000	0.000000
3.730000	0.000000	0.000000	0.000000
3.750000	0.000000	0.000000	0.000000
3.770000	0.000000	0.000000	0.000000
3.790000	0.000000	0.000000	0.000000
3.810000	0.000000	0.000000	0.000000
3.830000	0.000000	0.000000	0.000000
3.850000	0.000000	0.000000	0.000000
3.870000	0.000000	0.000000	0.000000
3.890000	0.000000	0.000000	0.000000
3.910000	0.000000	0.000000	0.000000
3.930000	0.000000	0.000000	0.000000
3.950000	0.000000	0.000000	0.000000
3.970000	0.000000	0.000000	0.000000
3.990000	0.000000	0.000000	0.000000
4.010000	0.000000	0.000000	0.000000
4.030000	0.000000	0.000000	0.000000
4.050000	0.000000	0.000000	0.000000
4.070000	0.000000	0.000000	0.000000
4.090000	9.221289	0.000000	10.758173
4.110000	15.219580	0.000000	13.697651
4.130000	0.000000	0.000000	0.000000
4.150000	0.000000	0.000000	0.000000
4.170000	0.000000	0.000000	0.000000
4.190000	0.000000	0.000000	0.000000
4.210000	0.000000	0.000000	0.000000
4.230000	0.000000	0.000000	0.000000
4.250000	0.000000	0.000000	0.000000
4.270000	0.000000	0.000000	0.000000
4.290000	0.000000	0.000000	0.000000
4.310000	0.000000	0.000000	0.000000
4.330000	0.000000	0.000000	0.000000
4.350000	0.000000	0.000000	0.000000
4.370000	0.000000	0.000000	0.000000
4.390000	0.000000	0.000000	0.000000
4.410000	0.000000	0.000000	0.000000
4.430000	0.000000	0.000000	0.000000
4.450000	0.000000	0.000000	0.000000
4.470000	0.000000	41.164736	0.000000
4.490000	0.000000	0.000000	0.000000
4.510000	0.000000	0.000000	0.000000
4.530000	0.000000	0.000000	0.000000
4.550000	0.000000	0.000000	0.000000
4.570000	0.000000	0.000000	0.000000
4.590000	0.000000	0.000000	0.000000
4.610000	0.000000	0.000000	0.000000
4.630000	0.000000	0.000000	0.000000
4.650000	0.000000	0.000000	0.000000
4.670000	0.000000	0.000000	0.000000
4.690000	0.000000	0.000000	0.000000
4.710000	0.000000	0.000000	0.000000
4.730000	0.000000	0.000000	0.000000
4.750000	0.000000	0.000000	0.000000
4.770000	0.000000	0.000000	0.000000
4.790000	0.000000	0.000000	0.000000
4.810000	0.000000	0.000000	0.000000
4.830000	0.000000	0.000000	0.000000
4.850000	0.000000	0.000000	0.000000
4.870000	0.000000	0.000000	0.000000
4.890000	0.000000	0.000000	0.000000
4.910000	0.000000	0.000000	0.000000
4.930000	0.000000	0.000000	0.000000
4.950000	0.000000	0.000000	0.000000
4.970000	0.000000	0.000000	0.000000
4.990000	0.000000	0.000000	0.000000
5.010000	0.000000	0.000000	0.000000
5.030000	65.018142	0.000000	65.018142
5.050000	0.000000	0.000000	0.000000
5.070000	0.000000	0.000000	0.000000
5.090000	0.000000	0.000000	0.000000
5.110000	0.000000	0.000000	0.000000
5.130000	0.000000	0.000000	0.000000
5.150000	0.000000	0.000000	0.000000
5.170000	0.000000	0.000000	0.000000
5.190000	0.000000	0.000000	0.000000
5.210000	0.000000	0.000000	0.000000
5.230000	0.000000	0.000000	0.000000
5.250000	0.000000	0.000000	0.000000
5.270000	0.000000	0.000000	0.000000
5.290000	0.000000	0.000000	0.000000
5.310000	0.000000	0.000000	0.000000
5.330000	0.000000	38.603921	0.000000
5.350000	0.000000	0.000000	0.000000
5.370000	0.000000	0.000000	0.000000
5.390000	0.000000	0.000000	0.000000
5.410000	0.000000	0.000000	0.000000
5.430000	0.000000	0.000000	0.000000
5.450000	0.000000	0.000000	0.000000
5.470000	0.000000	0.000000	0.000000
5.490000	0.000000	0.000000	0.000000
5.510000	0.000000	0.000000	0.000000
5.530000	0.000000	0.000000	0.000000
5.550000	0.000000	0.000000	0.000000
5.570000	0.000000	0.000000	0.000000
5.590000	0.000000	0.000000	0.000000
5.610000	0.000000	0.000000	0.000000
5.630000	0.000000	0.000000	0.000000
5.650000	0.000000	0.000000	0.000000
5.670000	0.000000	0.000000	0.000000
5.690000	0.000000	0.000000	0.000000
5.710000	0.000000	0.000000	0.000000
5.730000	0.000000	0.000000	0.000000
5.750000	0.000000	0.000000	0.000000
5.770000	0.000000	0.000000	0.000000
5.790000	24.540749	0.000000	24.540749
5.810000	0.000000	0.000000	0.000000
5.830000	0.000000	0.000000	0.000000
5.850000	0.000000	0.000000	0.000000
5.870000	0.000000	0.000000	0.000000
5.890000	0.000000	0.000000	0.000000
5.910000	0.000000	0.000000	0.000000
5.930000	0.000000	0.000000	0.000000
5.950000	0.000000	0.000000	0.000000
5.970000	0.000000	0.000000	0.000000
5.990000	0.000000	0.000000	0.000000
6.010000	0.000000	0.000000	0.000000
6.030000	0.000000	0.000000	0.000000
6.050000	0.000000	0.000000	0.000000
6.070000	0.000000	44.667764	0.000000
6.090000	0.000000	0.000000	0.000000
6.110000	0.000000	0.000000	0.000000
6.130000	0.000000	0.000000	0.000000
6.150000	0.000000	0.000000	0.000000
6.170000	0.000000	0.000000	0.000000
6.190000	0.000000	0.000000	0.000000
6.210000	0.000000	0.000000	0.000000
6.230000	0.000000	0.000000	0.000000
6.250000	0.000000	0.000000	0.000000
6.270000	0.000000	0.000000	0.000000
6.290000	0.000000	0.000000	0.000000
6.310000	0.000000	0.000000	0.000000
6.330000	0.000000	0.000000	0.000000
6.350000	0.000000	0.000000	0.000000
6.370000	0.000000	0.000000	0.000000
6.390000	0.000000	0.000000	0.000000
6.410000	0.000000	0.000000	0.000000
6.430000	0.000000	0.000000	0.000000
6.450000	0.000000	0.000000	0.000000
6.470000	0.000000	0.000000	0.000000
6.490000	39.055424	0.000000	39.055424
6.510000	0.000000	0.000000	0.000000
6.530000	0.000000	0.000000	0.000000
6.550000	0.000000	0.000000	0.000000
6.570000	0.000000	0.000000	0.000000
6.590000	0.000000	0.000000	0.000000
6.610000	0.000000	0.000000	0.000000
6.630000	0.000000	0.000000	0.000000
6.650000	0.000000	0.000000	0.000000
6.670000	0.000000	0.000000	0.000000
6.690000	0.000000	0.000000	0.000000
6.710000	0.000000	0.000000	0.000000
6.730000	0.000000	18.159783	0.000000
6.750000	0.000000	0.000000	0.000000
6.770000	0.000000	0.000000	0.000000
6.790000	0.000000	0.000000	0.000000
6.810000	0.000000	0.000000	0.000000
6.830000	0.000000	0.000000	0.000000
6.850000	0.000000	0.000000	0.000000
6.870000	0.000000	0.000000	0.000000
6.890000	0.000000	0.000000	0.000000
6.910000	0.000000	0.000000	0.000000
6.930000	0.000000	0.000000	0.000000
6.950000	0.000000	0.000000	0.000000
6.970000	0.000000	0.000000	0.000000
6.990000	0.000000	0.000000	0.000000
7.010000	0.000000	0.000000	0.000000
7.030000	0.000000	0.000000	0.000000
7.050000	0.000000	0.000000	0.000000
7.070000	0.000000	0.000000	0.000000
7.090000	0.000000	0.000000	0.000000
7.110000	10.848479	0.000000	10.848479
7.130000	0.000000	0.000000	0.000000
7.150000	0.000000	0.000000	0.000000
7.170000	0.000000	0.000000	0.000000
7.190000	0.000000	0.000000	0.000000
7.210000	0.000000	0.000000	0.000000
7.230000	0.000000	0.000000	0.000000
7.250000	0.000000	0.000000	0.000000
7.270000	0.000000	0.000000	0.000000
7.290000	0.000000	0.000000	0.000000
7.310000	0.000000	30.799024	0.000000
7.330000	0.000000	0.000000	0.000000
7.350000	0.000000	0.000000	0.000000
7.370000	0.000000	0.000000	0.000000
7.390000	0.000000	0.000000	0.000000
7.410000	0.000000	0.000000	0.000000
7.430000	0.000000	0.000000	0.000000
7.450000	0.000000	0.000000	0.000000
7.470000	0.000000	0.000000	0.000000
7.490000	0.000000	0.000000	0.000000
7.510000	0.000000	0.000000	0.000000
7.530000	0.000000	0.000000	0.000000
7.550000	0.000000	0.000000	0.000000
7.570000	0.000000	0.000000	0.000000
7.590000	0.000000	0.000000	0.000000
7.610000	0.000000	0.000000	0.000000
7.630000	0.000000	0.000000	0.000000
7.650000	0.000000	0.000000	0.000000
7.670000	55.951406	0.000000	55.951406
7.690000	0.000000	0.000000	0.000000
7.710000	0.000000	0.000000	0.000000
7.730000	0.000000	0.000000	0.000000
7.750000	0.000000	0.000000	0.000000
7.770000	0.000000	0.000000	0.000000
7.790000	0.000000	0.000000	0.000000
7.810000	0.000000	0.000000	0.000000
7.830000	0.000000	0.000000	0.000000
7.850000	0.000000	0.000000	0.000000
7.870000	0.000000	39.869710	0.000000
7.890000	0.000000	0.000000	0.000000
7.910000	0.000000	0.000000	0.000000
7.930000	0.000000	0.000000	0.000000
7.950000	0.000000	0.000000	0.000000
7.970000	0.000000	0.000000	0.000000
7.990000	0.000000	0.000000	0.000000
