No	Na_eng	Na_rad	Cl_eng	Cl_rad
1	0.007875	0.577141	0.022466	0.799365
2	0.021051	0.577302	0.009643	0.799148
3	0.021822	0.577311	0.019148	0.799309
4	0.019665	0.577285	0.006212	0.799090
5	0.024227	0.577341	0.017005	0.799273
6	0.012655	0.577199	0.014365	0.799228
7	0.021552	0.577308	0.011551	0.799181
8	0.020466	0.577295	0.023875	0.799389
9	0.005811	0.577116	0.015956	0.799255
10	0.011608	0.577187	0.023487	0.799382
11	0.012389	0.577196	0.015096	0.799240
12	0.013869	0.577214	0.011830	0.799185
13	0.031506	0.577430	0.020933	0.799339
14	0.018240	0.577268	0.009900	0.799153
15	0.021343	0.577305	0.019389	0.799313
16	0.016161	0.577242	0.016567	0.799265
17	0.015445	0.577233	0.028451	0.799466
18	0.017950	0.577264	0.012753	0.799201
19	0.012202	0.577194	0.005604	0.799080
20	0.019394	0.577282	0.028495	0.799467
21	0.013449	0.577209	0.013432	0.799212
22	0.013674	0.577212	0.022491	0.799365
23	0.012838	0.577202	0.026200	0.799428
24	0.022690	0.577322	0.017009	0.799273
25	0.022857	0.577324	0.024786	0.799404
26	0.013284	0.577207	0.023670	0.799385
27	0.013118	0.577205	0.005347	0.799076
28	0.016066	0.577241	0.005317	0.799075
29	0.023979	0.577338	0.023873	0.799389
30	0.014569	0.577223	0.015028	0.799239
31	0.020998	0.577301	0.018311	0.799295
32	0.023732	0.577335	0.018619	0.799300
33	0.015329	0.577232	0.013107	0.799207
34	0.013297	0.577207	0.020809	0.799337
35	0.014665	0.577224	0.023335	0.799380
36	0.018916	0.577276	0.022174	0.799360
37	0.005378	0.577111	0.010619	0.799165
38	0.022821	0.577323	0.015636	0.799250
39	0.010415	0.577172	0.020337	0.799329
40	0.015541	0.577235	0.015139	0.799241
41	0.015210	0.577231	0.010896	0.799169
42	0.010275	0.577170	0.011715	0.799183
43	0.011372	0.577184	0.010125	0.799156
44	0.025453	0.577356	0.024334	0.799397
45	0.017430	0.577258	0.011261	0.799176
46	0.010877	0.577178	0.019539	0.799316
47	0.013867	0.577214	0.024291	0.799396
48	0.016925	0.577252	0.017264	0.799277
49	0.013315	0.577207	0.012544	0.799197
50	0.019778	0.577286	0.014237	0.799226
51	0.012463	0.577197	0.026707	0.799437
52	0.012204	0.577194	0.014978	0.799238
53	0.023271	0.577329	0.023176	0.799377
54	0.011455	0.577185	0.020223	0.799327
55	0.026368	0.577367	0.026222	0.799429
56	0.024673	0.577346	0.013659	0.799216
57	0.015900	0.577239	0.013363	0.799211
58	0.013999	0.577216	0.015838	0.799253
59	0.022180	0.577316	0.023417	0.799381
60	0.023504	0.577332	0.019203	0.799310
61	0.019832	0.577287	0.011993	0.799188
62	0.019212	0.577279	0.010794	0.799168
63	0.028008	0.577387	0.018135	0.799292
64	0.013707	0.577212	0.014744	0.799235
65	0.012249	0.577194	0.023388	0.799381
66	0.013430	0.577209	0.015177	0.799242
67	0.015431	0.577233	0.006322	0.799092
68	0.012202	0.577194	0.023099	0.799376
69	0.009912	0.577166	0.013268	0.799210
70	0.034607	0.577467	0.008725	0.799133
71	0.018360	0.577269	0.023649	0.799385
72	0.021823	0.577311	0.023597	0.799384
73	0.014243	0.577219	0.023037	0.799375
74	0.027920	0.577386	0.015144	0.799241
75	0.011660	0.577187	0.020496	0.799332
76	0.012512	0.577198	0.013976	0.799222
77	0.018516	0.577271	0.012399	0.799195
78	0.020767	0.577298	0.007419	0.799111
79	0.015726	0.577237	0.014790	0.799235
80	0.013148	0.577205	0.013131	0.799207
81	0.019382	0.577282	0.018389	0.799296
82	0.020784	0.577299	0.018354	0.799295
83	0.008906	0.577154	0.019306	0.799312
84	0.018318	0.577269	0.009758	0.799150
85	0.021714	0.577310	0.023355	0.799380
86	0.023956	0.577337	0.020980	0.799340
87	0.014366	0.577220	0.019711	0.799318
88	0.012720	0.577200	0.008710	0.799133
89	0.015769	0.577237	0.015895	0.799254
90	0.012456	0.577197	0.010370	0.799161
91	0.007248	0.577133	0.024554	0.799400
92	0.009664	0.577163	0.019340	0.799312
93	0.015396	0.577233	0.016533	0.799265
94	0.025345	0.577354	0.015754	0.799252
95	0.012825	0.577201	0.012203	0.799192
96	0.015626	0.577236	0.015692	0.799251
97	0.015375	0.577233	0.008792	0.799134
98	0.013024	0.577204	0.015471	0.799247
99	0.019690	0.577285	0.014070	0.799223
100	0.016731	0.577249	0.015580	0.799249
101	0.026552	0.577369	0.009650	0.799148
102	0.018199	0.577267	0.027594	0.799452
103	0.018289	0.577268	0.015574	0.799249
104	0.012241	0.577194	0.011120	0.799173
105	0.011891	0.577190	0.017483	0.799281
106	0.013270	0.577207	0.016827	0.799270
107	0.022354	0.577318	0.015714	0.799251
108	0.020564	0.577296	0.018032	0.799290
109	0.026092	0.577363	0.017482	0.799281
110	0.025231	0.577353	0.018463	0.799297
111	0.015250	0.577231	0.006229	0.799091
112	0.014096	0.577217	0.010627	0.799165
113	0.011360	0.577184	0.013435	0.799212
114	0.036859	0.577495	0.033631	0.799554
115	0.012673	0.577200	0.017791	0.799286
116	0.010582	0.577174	0.025944	0.799424
117	0.021097	0.577302	0.012290	0.799193
118	0.013221	0.577206	0.014627	0.799233
119	0.014950	0.577227	0.019243	0.799311
120	0.020980	0.577301	0.009057	0.799138
121	0.010081	0.577168	0.022841	0.799371
122	0.017996	0.577265	0.015129	0.799241
123	0.013088	0.577205	0.010442	0.799162
124	0.034835	0.577470	0.018625	0.799300
125	0.014497	0.577222	0.017404	0.799279
126	0.015946	0.577240	0.015381	0.799245
127	0.017696	0.577261	0.015623	0.799249
128	0.022514	0.577320	0.016367	0.799262
129	0.017263	0.577256	0.021863	0.799355
130	0.018438	0.577270	0.011956	0.799187
131	0.014016	0.577216	0.018872	0.799304
132	0.018985	0.577277	0.012094	0.799190
133	0.018366	0.577269	0.019031	0.799307
134	0.016702	0.577249	0.018146	0.799292
135	0.018596	0.577272	0.018168	0.799292
136	0.012161	0.577193	0.018715	0.799302
137	0.021721	0.577310	0.020773	0.799336
138	0.015359	0.577232	0.016071	0.799257
139	0.012425	0.577197	0.019783	0.799320
140	0.010396	0.577172	0.016036	0.799256
141	0.010787	0.577177	0.015604	0.799249
142	0.022307	0.577317	0.031602	0.799519
143	0.016692	0.577249	0.005506	0.799078
144	0.016702	0.577249	0.023502	0.799383
145	0.011247	0.577182	0.008010	0.799121
146	0.011224	0.577182	0.024884	0.799406
147	0.011067	0.577180	0.008327	0.799126
148	0.017241	0.577255	0.010222	0.799158
149	0.010307	0.577171	0.017791	0.799286
150	0.008575	0.577150	0.023948	0.799390
151	0.017877	0.577263	0.024902	0.799406
152	0.032618	0.577443	0.022620	0.799368
153	0.013845	0.577214	0.011774	0.799184
154	0.014853	0.577226	0.018058	0.799290
155	0.017657	0.577260	0.014014	0.799222
156	0.016151	0.577242	0.021430	0.799348
157	0.025643	0.577358	0.014267	0.799226
158	0.025940	0.577362	0.016355	0.799262
159	0.030088	0.577412	0.018532	0.799299
160	0.016587	0.577247	0.015742	0.799251
161	0.019014	0.577277	0.016802	0.799269
162	0.017236	0.577255	0.019888	0.799321
163	0.018893	0.577276	0.022730	0.799369
164	0.018430	0.577270	0.013982	0.799222
165	0.004951	0.577105	0.010970	0.799171
166	0.019827	0.577287	0.027189	0.799445
167	0.013031	0.577204	0.017172	0.799276
168	0.021153	0.577303	0.021813	0.799354
169	0.010995	0.577179	0.010402	0.799161
170	0.015553	0.577235	0.019695	0.799318
171	0.025255	0.577353	0.018501	0.799298
172	0.012607	0.577199	0.030172	0.799495
173	0.014622	0.577223	0.020590	0.799333
174	0.020839	0.577299	0.022164	0.799360
175	0.014225	0.577219	0.013053	0.799206
176	0.017819	0.577262	0.011801	0.799185
177	0.013411	0.577209	0.013334	0.799211
178	0.015424	0.577233	0.013288	0.799210
179	0.013691	0.577212	0.014699	0.799234
180	0.018308	0.577268	0.012587	0.799198
181	0.021819	0.577311	0.016458	0.799263
182	0.009564	0.577162	0.012283	0.799193
183	0.009184	0.577157	0.014657	0.799233
184	0.021163	0.577303	0.021133	0.799342
185	0.010177	0.577169	0.027931	0.799457
186	0.010410	0.577172	0.025807	0.799421
187	0.021513	0.577308	0.009964	0.799154
188	0.020254	0.577292	0.009783	0.799151
189	0.023421	0.577331	0.022230	0.799361
190	0.026042	0.577363	0.017954	0.799289
191	0.021197	0.577304	0.016459	0.799263
192	0.015444	0.577233	0.015799	0.799252
193	0.016411	0.577245	0.013004	0.799205
194	0.020729	0.577298	0.019896	0.799322
195	0.012958	0.577203	0.015025	0.799239
196	0.012896	0.577202	0.009925	0.799153
197	0.011619	0.577187	0.025768	0.799421
198	0.014830	0.577226	0.012850	0.799203
199	0.015913	0.577239	0.024518	0.799400
200	0.026966	0.577374	0.010241	0.799158
201	0.027083	0.577376	0.012207	0.799192
202	0.014247	0.577219	0.014954	0.799238
203	0.010547	0.577174	0.019755	0.799319
204	0.023774	0.577335	0.007720	0.799116
205	0.012940	0.577203	0.027523	0.799451
206	0.012396	0.577196	0.025510	0.799416
207	0.017167	0.577254	0.025537	0.799417
208	0.023297	0.577329	0.013883	0.799220
209	0.012346	0.577196	0.010082	0.799156
210	0.012274	0.577195	0.023298	0.799379
211	0.011743	0.577188	0.011359	0.799177
212	0.024426	0.577343	0.016781	0.799269
213	0.015400	0.577233	0.018484	0.799298
214	0.027857	0.577385	0.024099	0.799393
215	0.018812	0.577275	0.014315	0.799227
216	0.004953	0.577105	0.015170	0.799242
217	0.011134	0.577181	0.023077	0.799375
218	0.011704	0.577188	0.015077	0.799240
219	0.020605	0.577296	0.015361	0.799245
220	0.011257	0.577182	0.023680	0.799386
221	0.022592	0.577321	0.016720	0.799268
222	0.021584	0.577308	0.015479	0.799247
223	0.010946	0.577179	0.010598	0.799164
224	0.010776	0.577177	0.015971	0.799255
225	0.019968	0.577289	0.020574	0.799333
226	0.014884	0.577227	0.018189	0.799293
227	0.011964	0.577191	0.022015	0.799357
228	0.006930	0.577130	0.013912	0.799220
229	0.020177	0.577291	0.025189	0.799411
230	0.015423	0.577233	0.024829	0.799405
231	0.016823	0.577250	0.012798	0.799202
232	0.018569	0.577272	0.012829	0.799202
233	0.012162	0.577193	0.015982	0.799255
234	0.010027	0.577167	0.010561	0.799164
235	0.023666	0.577334	0.006761	0.799100
236	0.010084	0.577168	0.024703	0.799403
237	0.014662	0.577224	0.013986	0.799222
238	0.016434	0.577246	0.029213	0.799479
239	0.027909	0.577386	0.008627	0.799131
240	0.018249	0.577268	0.023634	0.799385
241	0.017337	0.577257	0.012924	0.799204
242	0.011178	0.577181	0.012350	0.799194
243	0.025782	0.577360	0.016496	0.799264
244	0.021312	0.577305	0.012078	0.799189
245	0.010800	0.577177	0.020485	0.799332
246	0.009798	0.577165	0.027489	0.799450
247	0.017952	0.577264	0.015756	0.799252
248	0.016660	0.577248	0.014961	0.799238
249	0.013037	0.577204	0.021108	0.799342
250	0.013646	0.577211	0.011937	0.799187
251	0.014926	0.577227	0.019567	0.799316
252	0.006730	0.577127	0.014933	0.799238
253	0.009132	0.577156	0.007194	0.799107
254	0.024067	0.577339	0.010526	0.799163
255	0.013263	0.577207	0.015659	0.799250
256	0.017470	0.577258	0.008084	0.799122
257	0.026790	0.577372	0.014146	0.799224
258	0.013535	0.577210	0.008706	0.799132
259	0.019665	0.577285	0.023537	0.799383
260	0.023031	0.577326	0.012089	0.799190
261	0.012867	0.577202	0.024023	0.799391
262	0.025073	0.577351	0.023807	0.799388
263	0.018153	0.577267	0.022207	0.799361
264	0.005817	0.577116	0.016366	0.799262
265	0.019577	0.577284	0.013632	0.799216
266	0.016786	0.577250	0.015652	0.799250
267	0.014442	0.577221	0.017381	0.799279
268	0.023148	0.577327	0.007716	0.799116
269	0.020624	0.577297	0.012330	0.799194
270	0.012243	0.577194	0.013114	0.799207
271	0.014807	0.577226	0.013833	0.799219
272	0.017124	0.577254	0.015751	0.799251
273	0.021819	0.577311	0.014026	0.799222
274	0.019109	0.577278	0.014592	0.799232
275	0.009732	0.577164	0.014685	0.799233
276	0.008731	0.577152	0.019739	0.799319
277	0.014399	0.577221	0.018422	0.799297
278	0.014550	0.577223	0.017730	0.799285
279	0.009951	0.577166	0.010166	0.799157
280	0.011126	0.577181	0.011625	0.799182
281	0.020288	0.577293	0.017969	0.799289
282	0.021269	0.577305	0.023403	0.799381
283	0.019353	0.577281	0.022046	0.799358
284	0.018305	0.577268	0.015916	0.799254
285	0.011304	0.577183	0.019296	0.799311
286	0.014070	0.577217	0.016439	0.799263
287	0.019676	0.577285	0.011200	0.799175
288	0.025301	0.577354	0.021658	0.799351
289	0.025182	0.577352	0.013737	0.799217
290	0.011531	0.577186	0.017777	0.799286
291	0.007943	0.577142	0.018963	0.799306
292	0.009535	0.577161	0.018655	0.799301
293	0.026433	0.577368	0.014681	0.799233
294	0.021241	0.577304	0.012988	0.799205
295	0.025580	0.577357	0.020297	0.799328
296	0.014420	0.577221	0.011285	0.799176
297	0.013526	0.577210	0.009129	0.799140
298	0.024806	0.577348	0.021158	0.799343
299	0.013806	0.577213	0.013781	0.799218
300	0.010912	0.577178	0.013914	0.799221
301	0.031936	0.577435	0.021366	0.799346
302	0.010991	0.577179	0.011247	0.799175
303	0.012672	0.577200	0.031214	0.799513
304	0.019914	0.577288	0.031194	0.799513
305	0.022970	0.577325	0.016532	0.799265
306	0.014995	0.577228	0.012729	0.799200
307	0.011774	0.577189	0.014560	0.799231
308	0.013290	0.577207	0.008647	0.799131
309	0.022324	0.577317	0.013386	0.799212
310	0.012151	0.577193	0.022627	0.799368
311	0.009913	0.577166	0.020361	0.799329
312	0.018279	0.577268	0.007092	0.799105
313	0.017388	0.577257	0.008405	0.799127
314	0.018901	0.577276	0.008764	0.799133
315	0.017246	0.577255	0.014995	0.799239
316	0.014846	0.577226	0.020379	0.799330
317	0.006309	0.577122	0.012417	0.799195
318	0.010208	0.577170	0.024058	0.799392
319	0.020277	0.577292	0.025170	0.799411
320	0.018015	0.577265	0.022914	0.799373
321	0.016402	0.577245	0.046879	0.799778
322	0.012151	0.577193	0.010576	0.799164
323	0.011456	0.577185	0.022350	0.799363
324	0.024298	0.577342	0.012531	0.799197
325	0.018844	0.577275	0.027390	0.799448
326	0.011436	0.577185	0.014120	0.799224
327	0.012623	0.577199	0.012960	0.799204
328	0.014548	0.577223	0.012453	0.799196
329	0.019604	0.577284	0.006512	0.799095
330	0.011501	0.577185	0.017760	0.799285
331	0.011282	0.577183	0.010245	0.799158
332	0.012670	0.577200	0.011389	0.799178
333	0.012739	0.577200	0.014422	0.799229
334	0.020154	0.577291	0.009857	0.799152
335	0.014382	0.577220	0.017064	0.799274
336	0.017750	0.577262	0.009254	0.799142
337	0.017027	0.577253	0.013363	0.799211
338	0.017845	0.577263	0.013795	0.799218
339	0.010563	0.577174	0.017741	0.799285
340	0.018742	0.577274	0.021318	0.799346
341	0.025037	0.577351	0.016669	0.799267
342	0.010346	0.577171	0.009685	0.799149
343	0.013977	0.577216	0.017455	0.799280
344	0.026851	0.577373	0.014750	0.799235
345	0.020049	0.577290	0.018238	0.799294
346	0.013656	0.577212	0.021438	0.799348
347	0.016557	0.577247	0.018524	0.799298
348	0.020474	0.577295	0.019120	0.799308
349	0.020640	0.577297	0.016473	0.799264
350	0.014225	0.577219	0.014568	0.799232
351	0.020629	0.577297	0.017529	0.799282
352	0.007846	0.577141	0.023129	0.799376
353	0.007388	0.577135	0.017733	0.799285
354	0.029585	0.577406	0.011674	0.799183
355	0.010872	0.577178	0.013631	0.799216
356	0.024213	0.577340	0.013991	0.799222
357	0.020707	0.577298	0.032102	0.799528
358	0.009070	0.577156	0.017397	0.799279
359	0.011986	0.577191	0.017941	0.799289
360	0.010568	0.577174	0.021582	0.799350
361	0.011010	0.577179	0.020326	0.799329
362	0.013101	0.577205	0.020358	0.799329
363	0.010410	0.577172	0.013205	0.799208
364	0.021681	0.577310	0.017111	0.799275
365	0.009203	0.577157	0.015798	0.799252
366	0.014585	0.577223	0.010441	0.799162
367	0.008352	0.577147	0.010060	0.799155
368	0.013598	0.577211	0.010211	0.799158
369	0.011476	0.577185	0.017153	0.799275
370	0.009100	0.577156	0.018221	0.799293
371	0.015920	0.577239	0.010180	0.799157
372	0.011358	0.577184	0.013768	0.799218
373	0.018178	0.577267	0.015253	0.799243
374	0.011901	0.577190	0.008900	0.799136
375	0.014059	0.577217	0.021044	0.799341
376	0.016852	0.577251	0.018292	0.799294
377	0.014477	0.577222	0.014621	0.799232
378	0.010148	0.577169	0.014969	0.799238
379	0.009051	0.577155	0.016570	0.799265
380	0.014818	0.577226	0.011229	0.799175
381	0.007987	0.577142	0.023268	0.799379
382	0.014229	0.577219	0.018578	0.799299
383	0.020748	0.577298	0.010871	0.799169
384	0.029056	0.577400	0.012087	0.799190
385	0.015242	0.577231	0.019111	0.799308
386	0.011195	0.577182	0.018296	0.799295
387	0.008495	0.577149	0.012775	0.799201
388	0.018559	0.577271	0.016130	0.799258
389	0.010457	0.577173	0.019515	0.799315
390	0.018016	0.577265	0.024223	0.799395
391	0.013771	0.577213	0.007969	0.799120
392	0.017761	0.577262	0.009709	0.799149
393	0.028309	0.577390	0.020486	0.799332
394	0.013601	0.577211	0.027146	0.799444
395	0.011570	0.577186	0.016144	0.799258
396	0.022072	0.577314	0.025582	0.799418
397	0.011815	0.577189	0.018460	0.799297
398	0.015560	0.577235	0.028082	0.799460
399	0.019329	0.577281	0.014672	0.799233
400	0.015616	0.577236	0.019508	0.799315
401	0.010559	0.577174	0.024303	0.799396
402	0.015933	0.577239	0.006415	0.799094
403	0.021373	0.577306	0.024110	0.799393
404	0.009851	0.577165	0.014647	0.799233
405	0.016504	0.577246	0.019154	0.799309
406	0.021350	0.577306	0.007437	0.799111
407	0.010597	0.577174	0.025424	0.799415
408	0.020800	0.577299	0.014572	0.799232
409	0.009329	0.577159	0.010315	0.799160
410	0.029952	0.577411	0.019190	0.799310
411	0.007833	0.577141	0.015165	0.799242
412	0.008076	0.577144	0.016949	0.799272
413	0.020532	0.577296	0.016616	0.799266
414	0.013219	0.577206	0.015653	0.799250
415	0.017629	0.577260	0.018323	0.799295
416	0.027437	0.577380	0.018747	0.799302
417	0.019584	0.577284	0.019642	0.799317
418	0.006673	0.577126	0.021113	0.799342
419	0.015749	0.577237	0.010943	0.799170
420	0.008072	0.577143	0.010903	0.799170
421	0.023054	0.577326	0.018162	0.799292
422	0.020134	0.577291	0.007998	0.799121
423	0.020013	0.577289	0.012196	0.799191
424	0.017202	0.577255	0.008779	0.799134
425	0.016526	0.577247	0.014943	0.799238
426	0.020707	0.577298	0.021300	0.799345
427	0.012175	0.577194	0.009349	0.799143
428	0.014206	0.577218	0.012150	0.799191
429	0.011047	0.577180	0.013154	0.799208
430	0.016302	0.577244	0.022461	0.799365
431	0.014954	0.577227	0.008570	0.799130
432	0.013980	0.577216	0.016504	0.799264
433	0.026981	0.577374	0.011172	0.799174
434	0.018150	0.577267	0.022717	0.799369
435	0.018413	0.577270	0.017420	0.799280
436	0.014378	0.577220	0.007637	0.799114
437	0.013525	0.577210	0.007827	0.799118
438	0.015622	0.577236	0.008739	0.799133
439	0.017333	0.577257	0.014471	0.799230
440	0.021453	0.577307	0.009525	0.799146
441	0.018528	0.577271	0.018276	0.799294
442	0.028369	0.577391	0.009463	0.799145
443	0.009002	0.577155	0.019226	0.799310
444	0.013930	0.577215	0.020580	0.799333
445	0.010436	0.577172	0.016370	0.799262
446	0.015176	0.577230	0.029362	0.799482
447	0.013900	0.577215	0.020326	0.799329
448	0.018487	0.577271	0.023608	0.799384
449	0.012303	0.577195	0.030603	0.799503
450	0.006011	0.577118	0.011364	0.799177
451	0.015060	0.577229	0.028791	0.799472
452	0.013509	0.577210	0.010291	0.799159
453	0.039559	0.577528	0.009838	0.799152
454	0.025688	0.577358	0.013673	0.799216
455	0.019780	0.577286	0.009674	0.799149
456	0.041287	0.577549	0.021208	0.799344
457	0.008597	0.577150	0.014396	0.799229
458	0.018005	0.577265	0.021709	0.799352
459	0.016499	0.577246	0.027934	0.799457
460	0.017145	0.577254	0.025169	0.799411
461	0.023288	0.577329	0.012653	0.799199
462	0.014926	0.577227	0.016465	0.799264
463	0.018824	0.577275	0.011473	0.799179
464	0.011378	0.577184	0.019491	0.799315
465	0.012124	0.577193	0.010069	0.799156
466	0.017017	0.577253	0.013395	0.799212
467	0.026925	0.577374	0.015334	0.799244
468	0.012379	0.577196	0.021570	0.799350
469	0.019862	0.577287	0.017686	0.799284
470	0.009792	0.577164	0.010524	0.799163
471	0.026383	0.577367	0.019170	0.799309
472	0.025700	0.577359	0.023899	0.799389
473	0.018234	0.577268	0.011751	0.799184
474	0.012251	0.577195	0.023728	0.799386
475	0.020950	0.577301	0.018062	0.799291
476	0.024003	0.577338	0.016185	0.799259
477	0.021610	0.577309	0.015462	0.799247
478	0.014912	0.577227	0.007755	0.799116
479	0.017601	0.577260	0.010192	0.799158
480	0.011303	0.577183	0.012571	0.799198
481	0.018248	0.577268	0.012581	0.799198
482	0.015355	0.577232	0.012388	0.799195
483	0.011923	0.577190	0.009713	0.799150
484	0.017628	0.577260	0.024099	0.799393
485	0.005987	0.577118	0.014775	0.799235
486	0.030262	0.577414	0.020472	0.799331
487	0.018892	0.577276	0.023073	0.799375
488	0.010627	0.577175	0.012574	0.799198
489	0.018691	0.577273	0.012632	0.799199
490	0.012375	0.577196	0.010092	0.799156
491	0.010779	0.577177	0.013053	0.799206
492	0.013610	0.577211	0.012079	0.799189
493	0.010227	0.577170	0.011792	0.799185
494	0.025852	0.577361	0.020758	0.799336
495	0.019436	0.577282	0.015568	0.799248
496	0.012532	0.577198	0.022360	0.799363
497	0.020001	0.577289	0.007207	0.799107
498	0.013760	0.577213	0.030786	0.799506
499	0.012573	0.577198	0.009778	0.799151
500	0.031586	0.577431	0.023965	0.799390
501	0.013607	0.577211	0.014818	0.799236
502	0.016243	0.577243	0.028342	0.799464
503	0.006835	0.577128	0.011508	0.799180
504	0.026522	0.577369	0.009936	0.799153
505	0.019626	0.577285	0.014506	0.799230
506	0.016137	0.577242	0.010922	0.799170
507	0.020248	0.577292	0.019398	0.799313
508	0.013235	0.577206	0.021318	0.799346
509	0.012333	0.577195	0.013539	0.799214
510	0.013905	0.577215	0.018316	0.799295
511	0.016915	0.577251	0.015354	0.799245
512	0.020269	0.577292	0.013911	0.799220
513	0.020256	0.577292	0.022662	0.799368
514	0.017749	0.577262	0.018835	0.799304
515	0.011281	0.577183	0.017925	0.799288
516	0.012396	0.577196	0.008655	0.799132
517	0.011690	0.577188	0.012067	0.799189
518	0.008296	0.577146	0.011627	0.799182
519	0.021615	0.577309	0.025169	0.799411
520	0.024739	0.577347	0.024750	0.799404
521	0.008097	0.577144	0.023281	0.799379
522	0.009143	0.577157	0.027623	0.799452
523	0.008260	0.577146	0.017072	0.799274
524	0.018703	0.577273	0.015161	0.799242
525	0.022813	0.577323	0.009051	0.799138
526	0.019430	0.577282	0.010005	0.799154
527	0.022361	0.577318	0.010233	0.799158
528	0.020829	0.577299	0.016299	0.799261
529	0.018587	0.577272	0.009286	0.799142
530	0.026260	0.577366	0.012983	0.799205
531	0.017883	0.577263	0.015926	0.799254
532	0.015074	0.577229	0.023960	0.799390
533	0.016564	0.577247	0.015788	0.799252
534	0.024479	0.577344	0.020368	0.799330
535	0.008535	0.577149	0.011713	0.799183
536	0.029496	0.577405	0.010548	0.799164
537	0.022879	0.577324	0.020181	0.799326
538	0.023701	0.577334	0.012183	0.799191
539	0.007089	0.577132	0.018395	0.799296
540	0.020090	0.577290	0.012837	0.799202
541	0.009713	0.577164	0.008030	0.799121
542	0.016765	0.577250	0.008184	0.799124
543	0.028875	0.577397	0.010871	0.799169
544	0.021882	0.577312	0.021547	0.799349
545	0.011484	0.577185	0.010368	0.799161
546	0.020879	0.577300	0.017239	0.799277
547	0.016216	0.577243	0.018704	0.799301
548	0.020819	0.577299	0.014165	0.799225
549	0.020433	0.577294	0.010602	0.799164
550	0.008800	0.577152	0.012981	0.799205
551	0.031370	0.577428	0.011400	0.799178
552	0.013495	0.577210	0.023403	0.799381
553	0.019975	0.577289	0.014070	0.799223
554	0.009206	0.577157	0.023500	0.799383
555	0.012072	0.577192	0.015980	0.799255
556	0.013831	0.577214	0.020834	0.799337
557	0.013467	0.577209	0.007426	0.799111
558	0.017960	0.577264	0.018387	0.799296
559	0.018981	0.577277	0.023397	0.799381
560	0.024480	0.577344	0.012083	0.799190
561	0.016905	0.577251	0.024580	0.799401
562	0.016441	0.577246	0.015067	0.799240
563	0.029155	0.577401	0.017582	0.799282
564	0.016104	0.577242	0.017325	0.799278
565	0.019612	0.577284	0.014183	0.799225
566	0.015820	0.577238	0.018541	0.799299
567	0.020746	0.577298	0.008733	0.799133
568	0.013339	0.577208	0.011272	0.799176
569	0.015944	0.577240	0.029141	0.799478
570	0.023703	0.577334	0.009943	0.799153
571	0.011898	0.577190	0.012326	0.799194
572	0.036905	0.577496	0.027448	0.799449
573	0.018561	0.577272	0.010329	0.799160
574	0.024428	0.577343	0.018612	0.799300
575	0.025715	0.577359	0.012157	0.799191
576	0.022272	0.577317	0.023647	0.799385
577	0.020677	0.577297	0.019853	0.799321
578	0.012276	0.577195	0.018594	0.799300
579	0.019312	0.577281	0.021753	0.799353
580	0.013706	0.577212	0.020633	0.799334
581	0.013728	0.577213	0.021471	0.799348
582	0.018904	0.577276	0.013970	0.799221
583	0.010105	0.577168	0.016074	0.799257
584	0.021182	0.577303	0.014779	0.799235
585	0.014917	0.577227	0.024540	0.799400
586	0.011903	0.577190	0.017989	0.799289
587	0.011539	0.577186	0.019088	0.799308
588	0.012758	0.577201	0.010094	0.799156
589	0.012831	0.577202	0.010737	0.799167
590	0.023148	0.577327	0.021284	0.799345
591	0.025405	0.577355	0.021850	0.799355
592	0.018569	0.577272	0.011575	0.799181
593	0.024916	0.577349	0.012055	0.799189
594	0.009512	0.577161	0.013469	0.799213
595	0.010757	0.577176	0.016311	0.799261
596	0.018622	0.577272	0.034200	0.799563
597	0.011595	0.577186	0.020587	0.799333
598	0.023806	0.577336	0.012020	0.799188
599	0.021139	0.577303	0.021931	0.799356
600	0.012614	0.577199	0.012126	0.799190
601	0.009686	0.577163	0.008373	0.799127
602	0.007831	0.577141	0.012766	0.799201
603	0.027620	0.577382	0.022539	0.799366
604	0.009690	0.577163	0.024353	0.799397
605	0.018005	0.577265	0.009589	0.799147
606	0.007908	0.577142	0.017324	0.799278
607	0.029216	0.577402	0.018427	0.799297
608	0.021867	0.577312	0.007386	0.799110
609	0.009964	0.577167	0.026089	0.799426
610	0.012425	0.577197	0.019442	0.799314
611	0.009033	0.577155	0.021331	0.799346
612	0.021285	0.577305	0.040394	0.799668
613	0.012249	0.577194	0.018266	0.799294
614	0.031345	0.577428	0.020424	0.799330
615	0.030106	0.577412	0.020561	0.799333
616	0.026949	0.577374	0.022800	0.799371
617	0.018202	0.577267	0.022597	0.799367
618	0.009477	0.577161	0.016261	0.799260
619	0.009793	0.577164	0.028169	0.799461
620	0.012071	0.577192	0.025599	0.799418
621	0.007135	0.577132	0.019686	0.799318
622	0.009406	0.577160	0.025925	0.799423
623	0.016942	0.577252	0.010687	0.799166
624	0.012707	0.577200	0.007206	0.799107
625	0.013580	0.577211	0.015140	0.799241
626	0.013654	0.577212	0.009306	0.799143
627	0.021942	0.577313	0.012853	0.799203
628	0.011944	0.577191	0.023177	0.799377
629	0.009409	0.577160	0.015530	0.799248
630	0.032649	0.577444	0.014119	0.799224
631	0.019066	0.577278	0.020180	0.799326
632	0.022064	0.577314	0.027055	0.799443
633	0.007178	0.577133	0.010686	0.799166
634	0.016259	0.577243	0.020579	0.799333
635	0.019523	0.577283	0.021978	0.799357
636	0.010189	0.577169	0.022151	0.799360
637	0.015186	0.577230	0.022351	0.799363
638	0.015418	0.577233	0.017128	0.799275
639	0.018192	0.577267	0.011188	0.799174
640	0.014251	0.577219	0.009410	0.799144
641	0.007969	0.577142	0.013688	0.799217
642	0.012919	0.577203	0.009867	0.799152
643	0.023449	0.577331	0.013629	0.799216
644	0.022608	0.577321	0.011633	0.799182
645	0.010356	0.577171	0.010852	0.799169
646	0.013256	0.577207	0.023007	0.799374
647	0.007109	0.577132	0.017225	0.799276
648	0.012832	0.577202	0.014130	0.799224
649	0.017452	0.577258	0.011662	0.799182
650	0.021587	0.577308	0.012479	0.799196
651	0.014824	0.577226	0.028321	0.799464
652	0.010089	0.577168	0.011664	0.799182
653	0.018115	0.577266	0.016374	0.799262
654	0.025323	0.577354	0.011200	0.799175
655	0.012665	0.577200	0.011698	0.799183
656	0.008841	0.577153	0.006794	0.799100
657	0.008847	0.577153	0.011529	0.799180
658	0.008350	0.577147	0.011463	0.799179
659	0.017321	0.577256	0.018316	0.799295
660	0.012940	0.577203	0.011165	0.799174
661	0.008749	0.577152	0.012452	0.799196
662	0.011363	0.577184	0.022348	0.799363
663	0.012900	0.577202	0.028332	0.799464
664	0.012093	0.577193	0.012710	0.799200
665	0.017027	0.577253	0.017567	0.799282
666	0.017991	0.577265	0.018319	0.799295
667	0.020585	0.577296	0.022721	0.799369
668	0.007843	0.577141	0.012516	0.799197
669	0.016349	0.577245	0.022186	0.799360
670	0.007933	0.577142	0.010589	0.799164
671	0.012717	0.577200	0.015380	0.799245
672	0.023031	0.577326	0.009075	0.799139
673	0.024448	0.577343	0.011289	0.799176
674	0.018073	0.577266	0.023343	0.799380
675	0.017281	0.577256	0.018687	0.799301
676	0.018904	0.577276	0.014521	0.799231
677	0.008577	0.577150	0.018025	0.799290
678	0.020074	0.577290	0.025605	0.799418
679	0.018773	0.577274	0.012249	0.799192
680	0.013700	0.577212	0.019739	0.799319
681	0.021798	0.577311	0.023702	0.799386
682	0.025652	0.577358	0.013609	0.799215
683	0.019743	0.577286	0.016203	0.799259
684	0.024202	0.577340	0.012674	0.799200
685	0.013575	0.577211	0.011266	0.799176
686	0.020970	0.577301	0.028532	0.799468
687	0.011439	0.577185	0.009916	0.799153
688	0.020217	0.577292	0.021467	0.799348
689	0.017903	0.577263	0.013251	0.799209
690	0.018388	0.577269	0.020210	0.799327
691	0.010499	0.577173	0.018078	0.799291
692	0.012727	0.577200	0.023020	0.799374
693	0.013153	0.577205	0.018213	0.799293
694	0.017096	0.577254	0.014244	0.799226
695	0.017663	0.577261	0.016991	0.799272
696	0.013717	0.577212	0.012499	0.799197
697	0.008417	0.577148	0.019504	0.799315
698	0.017753	0.577262	0.016022	0.799256
699	0.028029	0.577387	0.014574	0.799232
700	0.011965	0.577191	0.007615	0.799114
701	0.027656	0.577383	0.020187	0.799326
702	0.013521	0.577210	0.021918	0.799356
703	0.014646	0.577224	0.019105	0.799308
704	0.017012	0.577253	0.018441	0.799297
705	0.022197	0.577316	0.020400	0.799330
706	0.011783	0.577189	0.009954	0.799154
707	0.030128	0.577413	0.021818	0.799354
708	0.025159	0.577352	0.013909	0.799220
709	0.025286	0.577354	0.019570	0.799316
710	0.024292	0.577341	0.019195	0.799310
711	0.011510	0.577185	0.019869	0.799321
712	0.015980	0.577240	0.012934	0.799204
713	0.013072	0.577205	0.024254	0.799395
714	0.013003	0.577204	0.021748	0.799353
715	0.010566	0.577174	0.016440	0.799263
716	0.013173	0.577206	0.020673	0.799335
717	0.016856	0.577251	0.020792	0.799337
718	0.012194	0.577194	0.010613	0.799165
719	0.014742	0.577225	0.011332	0.799177
720	0.024604	0.577345	0.022072	0.799358
721	0.016252	0.577243	0.017811	0.799286
722	0.014390	0.577221	0.025226	0.799412
723	0.017869	0.577263	0.012486	0.799196
724	0.010865	0.577178	0.021689	0.799352
725	0.010259	0.577170	0.021612	0.799351
726	0.006691	0.577127	0.020631	0.799334
727	0.021519	0.577308	0.009570	0.799147
728	0.020417	0.577294	0.014626	0.799232
729	0.013393	0.577208	0.017780	0.799286
730	0.014928	0.577227	0.017115	0.799275
731	0.011709	0.577188	0.020026	0.799324
732	0.016594	0.577248	0.020581	0.799333
733	0.025539	0.577357	0.031781	0.799523
734	0.022350	0.577318	0.023208	0.799378
735	0.018228	0.577267	0.013420	0.799212
736	0.021256	0.577304	0.012039	0.799189
737	0.005294	0.577110	0.012008	0.799188
738	0.010018	0.577167	0.011348	0.799177
739	0.023799	0.577335	0.023376	0.799380
740	0.010494	0.577173	0.028165	0.799461
741	0.012311	0.577195	0.015106	0.799241
742	0.013329	0.577208	0.014301	0.799227
743	0.024086	0.577339	0.017692	0.799284
744	0.004004	0.577094	0.021373	0.799347
745	0.022084	0.577314	0.015379	0.799245
746	0.019427	0.577282	0.020589	0.799333
747	0.017470	0.577258	0.019027	0.799307
748	0.012556	0.577198	0.011252	0.799176
749	0.008768	0.577152	0.011701	0.799183
750	0.009699	0.577163	0.018682	0.799301
751	0.015715	0.577237	0.019433	0.799314
752	0.018602	0.577272	0.015415	0.799246
753	0.015999	0.577240	0.032920	0.799542
754	0.010086	0.577168	0.017156	0.799275
755	0.022170	0.577316	0.025685	0.799419
756	0.016577	0.577247	0.029522	0.799484
757	0.005815	0.577116	0.034177	0.799563
758	0.028239	0.577390	0.012390	0.799195
759	0.020122	0.577291	0.015719	0.799251
760	0.019408	0.577282	0.017427	0.799280
761	0.030993	0.577423	0.013797	0.799218
762	0.015440	0.577233	0.024369	0.799397
763	0.012905	0.577202	0.023086	0.799375
764	0.014833	0.577226	0.012675	0.799200
765	0.009064	0.577156	0.025580	0.799418
766	0.010057	0.577168	0.027389	0.799448
767	0.008187	0.577145	0.027826	0.799456
768	0.019580	0.577284	0.018378	0.799296
769	0.018658	0.577273	0.026816	0.799439
770	0.010046	0.577168	0.013952	0.799221
771	0.019556	0.577284	0.010161	0.799157
772	0.019559	0.577284	0.007171	0.799107
773	0.018249	0.577268	0.022787	0.799370
774	0.016521	0.577247	0.022138	0.799360
775	0.011052	0.577180	0.020960	0.799340
776	0.027787	0.577384	0.008682	0.799132
777	0.022793	0.577323	0.014399	0.799229
778	0.011709	0.577188	0.012703	0.799200
779	0.007265	0.577134	0.016729	0.799268
780	0.017712	0.577261	0.013937	0.799221
781	0.027119	0.577376	0.012278	0.799193
782	0.027217	0.577377	0.014664	0.799233
783	0.013384	0.577208	0.018598	0.799300
784	0.014833	0.577226	0.015378	0.799245
785	0.016218	0.577243	0.010017	0.799155
786	0.013620	0.577211	0.013115	0.799207
787	0.008472	0.577148	0.025784	0.799421
788	0.011055	0.577180	0.010226	0.799158
789	0.019001	0.577277	0.023829	0.799388
790	0.019200	0.577279	0.008119	0.799123
791	0.014554	0.577223	0.006674	0.799098
792	0.010431	0.577172	0.019864	0.799321
793	0.018237	0.577268	0.019637	0.799317
794	0.007369	0.577135	0.013320	0.799210
795	0.012130	0.577193	0.023469	0.799382
796	0.020415	0.577294	0.022653	0.799368
797	0.012415	0.577196	0.022317	0.799362
798	0.019676	0.577285	0.012605	0.799198
799	0.008284	0.577146	0.024122	0.799393
800	0.019639	0.577285	0.027149	0.799444
801	0.018878	0.577275	0.020010	0.799323
802	0.010961	0.577179	0.017088	0.799274
803	0.016719	0.577249	0.030454	0.799500
804	0.014214	0.577218	0.017683	0.799284
805	0.024299	0.577342	0.018885	0.799304
806	0.023334	0.577330	0.021770	0.799353
807	0.022701	0.577322	0.007661	0.799115
808	0.017869	0.577263	0.013315	0.799210
809	0.015647	0.577236	0.013113	0.799207
810	0.009998	0.577167	0.013602	0.799215
811	0.012479	0.577197	0.026952	0.799441
812	0.019937	0.577288	0.019641	0.799317
813	0.017374	0.577257	0.010138	0.799157
814	0.016198	0.577243	0.020505	0.799332
815	0.022716	0.577322	0.013656	0.799216
816	0.009777	0.577164	0.014359	0.799228
817	0.020248	0.577292	0.024101	0.799393
818	0.014158	0.577218	0.018759	0.799302
819	0.008432	0.577148	0.023901	0.799389
820	0.024326	0.577342	0.016907	0.799271
821	0.014123	0.577217	0.016084	0.799257
822	0.025499	0.577356	0.013444	0.799213
823	0.006785	0.577128	0.023142	0.799376
824	0.020589	0.577296	0.016973	0.799272
825	0.020667	0.577297	0.018924	0.799305
826	0.019906	0.577288	0.020466	0.799331
827	0.013779	0.577213	0.016377	0.799262
828	0.019520	0.577283	0.020715	0.799335
829	0.008238	0.577146	0.022014	0.799357
830	0.013085	0.577205	0.012601	0.799198
831	0.017996	0.577265	0.012725	0.799200
832	0.023068	0.577327	0.022535	0.799366
833	0.014637	0.577224	0.026567	0.799434
834	0.010737	0.577176	0.019752	0.799319
835	0.018840	0.577275	0.014045	0.799223
836	0.019273	0.577280	0.012103	0.799190
837	0.018290	0.577268	0.013505	0.799214
838	0.024182	0.577340	0.013257	0.799209
839	0.031689	0.577432	0.012925	0.799204
840	0.020218	0.577292	0.011381	0.799178
841	0.008828	0.577153	0.009833	0.799152
842	0.026077	0.577363	0.023333	0.799380
843	0.011848	0.577190	0.010558	0.799164
844	0.029422	0.577404	0.019877	0.799321
845	0.017142	0.577254	0.025606	0.799418
846	0.018912	0.577276	0.022906	0.799372
847	0.012730	0.577200	0.019342	0.799312
848	0.033494	0.577454	0.008655	0.799132
849	0.021370	0.577306	0.008115	0.799122
850	0.007564	0.577137	0.015659	0.799250
851	0.012331	0.577195	0.007923	0.799119
852	0.024742	0.577347	0.019738	0.799319
853	0.007384	0.577135	0.011701	0.799183
854	0.013230	0.577206	0.021464	0.799348
855	0.009108	0.577156	0.019204	0.799310
856	0.019018	0.577277	0.006479	0.799095
857	0.009954	0.577166	0.013488	0.799213
858	0.009983	0.577167	0.019547	0.799316
859	0.007059	0.577131	0.013865	0.799220
860	0.022185	0.577316	0.022219	0.799361
861	0.011336	0.577183	0.018882	0.799304
862	0.021667	0.577309	0.029933	0.799491
863	0.023243	0.577329	0.011365	0.799177
864	0.031054	0.577424	0.012793	0.799202
865	0.009685	0.577163	0.006100	0.799088
866	0.013875	0.577214	0.011993	0.799188
867	0.017690	0.577261	0.010444	0.799162
868	0.013067	0.577204	0.007124	0.799106
869	0.010110	0.577168	0.010883	0.799169
870	0.010259	0.577170	0.006792	0.799100
871	0.009408	0.577160	0.018194	0.799293
872	0.024534	0.577344	0.010788	0.799168
873	0.014467	0.577222	0.020456	0.799331
874	0.010449	0.577173	0.018976	0.799306
875	0.010297	0.577171	0.017477	0.799281
876	0.018303	0.577268	0.011437	0.799179
877	0.010273	0.577170	0.011866	0.799186
878	0.014285	0.577219	0.026600	0.799435
879	0.014192	0.577218	0.025453	0.799416
880	0.011946	0.577191	0.021664	0.799351
881	0.010957	0.577179	0.020236	0.799327
882	0.012263	0.577195	0.024319	0.799396
883	0.014775	0.577225	0.024535	0.799400
884	0.014907	0.577227	0.012550	0.799197
885	0.025552	0.577357	0.023127	0.799376
886	0.015936	0.577239	0.026236	0.799429
887	0.018871	0.577275	0.013496	0.799213
888	0.015220	0.577231	0.024973	0.799407
889	0.017321	0.577256	0.017274	0.799277
890	0.022838	0.577324	0.009836	0.799152
891	0.023781	0.577335	0.026750	0.799437
892	0.012635	0.577199	0.025614	0.799418
893	0.016012	0.577240	0.020305	0.799328
894	0.016353	0.577245	0.004598	0.799063
895	0.019625	0.577285	0.020829	0.799337
896	0.012870	0.577202	0.010692	0.799166
897	0.021380	0.577306	0.013602	0.799215
898	0.011395	0.577184	0.019649	0.799317
899	0.013755	0.577213	0.025151	0.799410
900	0.011922	0.577190	0.007559	0.799113
901	0.026238	0.577365	0.009033	0.799138
902	0.010053	0.577168	0.008073	0.799122
903	0.010102	0.577168	0.016517	0.799264
904	0.013403	0.577209	0.011427	0.799178
905	0.028733	0.577396	0.010830	0.799168
906	0.028753	0.577396	0.012912	0.799204
907	0.027359	0.577379	0.012564	0.799198
908	0.013742	0.577213	0.007100	0.799105
909	0.015323	0.577232	0.012298	0.799193
910	0.022416	0.577319	0.023068	0.799375
911	0.020911	0.577300	0.017789	0.799286
912	0.005865	0.577117	0.023275	0.799379
913	0.009657	0.577163	0.009182	0.799141
914	0.010213	0.577170	0.016333	0.799261
915	0.009400	0.577160	0.020833	0.799337
916	0.021048	0.577302	0.013583	0.799215
917	0.031394	0.577428	0.005934	0.799086
918	0.023078	0.577327	0.007659	0.799115
919	0.022173	0.577316	0.017210	0.799276
920	0.029765	0.577408	0.026002	0.799425
921	0.016516	0.577247	0.010334	0.799160
922	0.019013	0.577277	0.028611	0.799469
923	0.025910	0.577361	0.012700	0.799200
924	0.019529	0.577283	0.019959	0.799323
925	0.011345	0.577183	0.023172	0.799377
926	0.013925	0.577215	0.021164	0.799343
927	0.011082	0.577180	0.011819	0.799185
928	0.009916	0.577166	0.024412	0.799398
929	0.009252	0.577158	0.028811	0.799472
930	0.016361	0.577245	0.016767	0.799269
931	0.018526	0.577271	0.028642	0.799469
932	0.011318	0.577183	0.010331	0.799160
933	0.022294	0.577317	0.005592	0.799080
934	0.008262	0.577146	0.010248	0.799159
935	0.011881	0.577190	0.009159	0.799140
936	0.018109	0.577266	0.024099	0.799393
937	0.011101	0.577180	0.024884	0.799406
938	0.013277	0.577207	0.012559	0.799198
939	0.011353	0.577184	0.017065	0.799274
940	0.007109	0.577132	0.023531	0.799383
941	0.016743	0.577249	0.023588	0.799384
942	0.021419	0.577306	0.021995	0.799357
943	0.014479	0.577222	0.016579	0.799266
944	0.022822	0.577323	0.014210	0.799225
945	0.006986	0.577130	0.019102	0.799308
946	0.017729	0.577261	0.023431	0.799381
947	0.015915	0.577239	0.014522	0.799231
948	0.013929	0.577215	0.009176	0.799140
949	0.021349	0.577306	0.025110	0.799410
950	0.006335	0.577122	0.023864	0.799389
951	0.023226	0.577328	0.012347	0.799194
952	0.012374	0.577196	0.009403	0.799144
953	0.017474	0.577258	0.014554	0.799231
954	0.010836	0.577177	0.015650	0.799250
955	0.009576	0.577162	0.010470	0.799162
956	0.026573	0.577369	0.007839	0.799118
957	0.018042	0.577265	0.007220	0.799107
958	0.011791	0.577189	0.014015	0.799222
959	0.009487	0.577161	0.010805	0.799168
960	0.020144	0.577291	0.034920	0.799576
961	0.019343	0.577281	0.010762	0.799167
962	0.008750	0.577152	0.011415	0.799178
963	0.013404	0.577209	0.023282	0.799379
964	0.021040	0.577302	0.012176	0.799191
965	0.012932	0.577203	0.020257	0.799328
966	0.021503	0.577307	0.020363	0.799329
967	0.019228	0.577280	0.022848	0.799371
968	0.013210	0.577206	0.015047	0.799240
969	0.020507	0.577295	0.037208	0.799614
970	0.022573	0.577320	0.018098	0.799291
971	0.029021	0.577399	0.020247	0.799327
972	0.023254	0.577329	0.019702	0.799318
973	0.010132	0.577169	0.017021	0.799273
974	0.019742	0.577286	0.010836	0.799168
975	0.019219	0.577280	0.016558	0.799265
976	0.007044	0.577131	0.009827	0.799151
977	0.012904	0.577202	0.018371	0.799296
978	0.020146	0.577291	0.026262	0.799429
979	0.020517	0.577295	0.010212	0.799158
980	0.025591	0.577357	0.016437	0.799263
981	0.020972	0.577301	0.004338	0.799059
982	0.010869	0.577178	0.012235	0.799192
983	0.009983	0.577167	0.011717	0.799183
984	0.018718	0.577273	0.008606	0.799131
985	0.019334	0.577281	0.019613	0.799317
986	0.009987	0.577167	0.014848	0.799236
987	0.022221	0.577316	0.016620	0.799266
988	0.024741	0.577347	0.027153	0.799444
989	0.021332	0.577305	0.017449	0.799280
990	0.008366	0.577147	0.019663	0.799318
991	0.007653	0.577138	0.024103	0.799393
992	0.010112	0.577168	0.013151	0.799208
993	0.018876	0.577275	0.019583	0.799316
994	0.018859	0.577275	0.008623	0.799131
995	0.011073	0.577180	0.020505	0.799332
996	0.012775	0.577201	0.012273	0.799193
997	0.022684	0.577322	0.020718	0.799335
998	0.010479	0.577173	0.009479	0.799146
999	0.006820	0.577128	0.020536	0.799332
1000	0.022381	0.577318	0.009457	0.799145
1001	0.021438	0.577307	0.017406	0.799279
1002	0.026496	0.577368	0.023016	0.799374
1003	0.025949	0.577362	0.015905	0.799254
1004	0.014123	0.577217	0.011708	0.799183
1005	0.008244	0.577146	0.018492	0.799298
1006	0.013022	0.577204	0.016438	0.799263
1007	0.022085	0.577315	0.007924	0.799119
1008	0.010393	0.577172	0.012805	0.799202
1009	0.026065	0.577363	0.024468	0.799399
1010	0.016033	0.577241	0.015236	0.799243
1011	0.021543	0.577308	0.026028	0.799425
1012	0.012917	0.577203	0.016351	0.799262
1013	0.008534	0.577149	0.021766	0.799353
1014	0.026550	0.577369	0.021994	0.799357
1015	0.016147	0.577242	0.022250	0.799361
1016	0.012599	0.577199	0.018574	0.799299
1017	0.012785	0.577201	0.021250	0.799344
1018	0.013808	0.577213	0.010583	0.799164
1019	0.016804	0.577250	0.010989	0.799171
1020	0.021791	0.577311	0.022677	0.799369
1021	0.021424	0.577306	0.009213	0.799141
1022	0.011917	0.577190	0.019544	0.799316
1023	0.022910	0.577325	0.008523	0.799129
1024	0.022419	0.577319	0.004758	0.799066
1025	0.016747	0.577249	0.011214	0.799175
1026	0.018363	0.577269	0.010103	0.799156
1027	0.015538	0.577235	0.008507	0.799129
1028	0.009481	0.577161	0.026992	0.799442
1029	0.008871	0.577153	0.026542	0.799434
1030	0.009575	0.577162	0.018692	0.799301
1031	0.017364	0.577257	0.020523	0.799332
1032	0.013496	0.577210	0.017371	0.799279
1033	0.011261	0.577182	0.015534	0.799248
1034	0.018217	0.577267	0.017127	0.799275
1035	0.037648	0.577505	0.022127	0.799359
1036	0.014673	0.577224	0.014318	0.799227
1037	0.023462	0.577331	0.013657	0.799216
1038	0.015662	0.577236	0.014619	0.799232
1039	0.012550	0.577198	0.021393	0.799347
1040	0.022846	0.577324	0.011267	0.799176
1041	0.015656	0.577236	0.020923	0.799339
1042	0.018842	0.577275	0.017145	0.799275
1043	0.017359	0.577257	0.014498	0.799230
1044	0.022288	0.577317	0.009177	0.799140
1045	0.020487	0.577295	0.011479	0.799179
1046	0.014494	0.577222	0.013312	0.799210
1047	0.016038	0.577241	0.006497	0.799095
1048	0.005992	0.577118	0.011630	0.799182
1049	0.006385	0.577123	0.019601	0.799317
1050	0.020008	0.577289	0.012167	0.799191
1051	0.018759	0.577274	0.014256	0.799226
1052	0.014476	0.577222	0.012872	0.799203
1053	0.012188	0.577194	0.016612	0.799266
1054	0.021631	0.577309	0.014252	0.799226
1055	0.010295	0.577171	0.011725	0.799183
1056	0.010335	0.577171	0.027847	0.799456
1057	0.012688	0.577200	0.025038	0.799408
1058	0.019842	0.577287	0.020616	0.799334
1059	0.018860	0.577275	0.017029	0.799273
1060	0.010661	0.577175	0.020993	0.799340
1061	0.018497	0.577271	0.020186	0.799326
1062	0.012778	0.577201	0.009394	0.799144
1063	0.015751	0.577237	0.018702	0.799301
1064	0.020582	0.577296	0.011918	0.799187
1065	0.011745	0.577188	0.019117	0.799308
1066	0.012515	0.577198	0.012783	0.799201
1067	0.011062	0.577180	0.010398	0.799161
1068	0.008709	0.577151	0.014741	0.799234
1069	0.015983	0.577240	0.024027	0.799391
1070	0.018030	0.577265	0.011291	0.799176
1071	0.017573	0.577259	0.012001	0.799188
1072	0.019048	0.577277	0.013780	0.799218
1073	0.016297	0.577244	0.012136	0.799190
1074	0.024008	0.577338	0.010769	0.799167
1075	0.024673	0.577346	0.011248	0.799175
1076	0.012463	0.577197	0.008706	0.799132
1077	0.027237	0.577377	0.010562	0.799164
1078	0.026529	0.577369	0.016038	0.799256
1079	0.018076	0.577266	0.012380	0.799195
1080	0.023269	0.577329	0.015995	0.799256
1081	0.018707	0.577273	0.011619	0.799182
1082	0.008578	0.577150	0.015221	0.799243
1083	0.010585	0.577174	0.009911	0.799153
1084	0.011962	0.577191	0.029484	0.799484
1085	0.010922	0.577178	0.021930	0.799356
1086	0.014493	0.577222	0.007084	0.799105
1087	0.012248	0.577194	0.011840	0.799185
1088	0.011245	0.577182	0.013944	0.799221
1089	0.012056	0.577192	0.023886	0.799389
1090	0.024065	0.577339	0.029164	0.799478
1091	0.023734	0.577335	0.018230	0.799293
1092	0.009118	0.577156	0.014057	0.799223
1093	0.009000	0.577155	0.022135	0.799359
1094	0.009617	0.577162	0.021606	0.799351
1095	0.007927	0.577142	0.021407	0.799347
1096	0.013220	0.577206	0.012437	0.799196
1097	0.018972	0.577277	0.013420	0.799212
1098	0.026364	0.577367	0.009942	0.799153
1099	0.021781	0.577311	0.009300	0.799142
1100	0.012922	0.577203	0.007909	0.799119
1101	0.013299	0.577207	0.025098	0.799410
1102	0.010261	0.577170	0.018705	0.799301
1103	0.011469	0.577185	0.011022	0.799172
1104	0.017045	0.577253	0.010615	0.799165
1105	0.014342	0.577220	0.019688	0.799318
1106	0.016107	0.577242	0.011176	0.799174
1107	0.007954	0.577142	0.020409	0.799330
1108	0.006709	0.577127	0.016136	0.799258
1109	0.011386	0.577184	0.008156	0.799123
1110	0.012389	0.577196	0.013196	0.799208
1111	0.020847	0.577299	0.027530	0.799451
1112	0.008860	0.577153	0.012255	0.799192
1113	0.010391	0.577172	0.020478	0.799331
1114	0.014308	0.577220	0.023475	0.799382
1115	0.010761	0.577176	0.020686	0.799335
1116	0.010851	0.577177	0.014333	0.799228
1117	0.016844	0.577251	0.021519	0.799349
1118	0.017212	0.577255	0.019927	0.799322
1119	0.008360	0.577147	0.017616	0.799283
1120	0.019680	0.577285	0.023162	0.799377
1121	0.007522	0.577137	0.020276	0.799328
1122	0.011764	0.577189	0.022170	0.799360
1123	0.025957	0.577362	0.007565	0.799113
1124	0.018426	0.577270	0.011615	0.799182
1125	0.018155	0.577267	0.019058	0.799307
1126	0.022028	0.577314	0.011203	0.799175
1127	0.020719	0.577298	0.030247	0.799497
1128	0.012883	0.577202	0.021393	0.799347
1129	0.015164	0.577230	0.029506	0.799484
1130	0.011237	0.577182	0.019096	0.799308
1131	0.013693	0.577212	0.019083	0.799308
1132	0.010489	0.577173	0.014925	0.799238
1133	0.010533	0.577174	0.019892	0.799321
1134	0.019994	0.577289	0.020037	0.799324
1135	0.019268	0.577280	0.016787	0.799269
1136	0.023642	0.577334	0.019318	0.799312
1137	0.014326	0.577220	0.012549	0.799197
1138	0.012149	0.577193	0.034796	0.799573
1139	0.020725	0.577298	0.010056	0.799155
1140	0.020543	0.577296	0.013076	0.799206
1141	0.012811	0.577201	0.011167	0.799174
1142	0.011089	0.577180	0.022648	0.799368
1143	0.018761	0.577274	0.019498	0.799315
1144	0.016172	0.577242	0.021833	0.799354
1145	0.014561	0.577223	0.022378	0.799363
1146	0.014955	0.577227	0.041384	0.799685
1147	0.020876	0.577300	0.025130	0.799410
1148	0.024529	0.577344	0.011151	0.799174
1149	0.029713	0.577408	0.007940	0.799120
1150	0.022157	0.577315	0.022233	0.799361
1151	0.011069	0.577180	0.015587	0.799249
1152	0.023000	0.577326	0.022230	0.799361
1153	0.013703	0.577212	0.012877	0.799203
1154	0.018103	0.577266	0.021290	0.799345
1155	0.018095	0.577266	0.012319	0.799194
1156	0.015295	0.577232	0.012403	0.799195
1157	0.016243	0.577243	0.009865	0.799152
1158	0.009480	0.577161	0.025497	0.799416
1159	0.017345	0.577257	0.010370	0.799161
1160	0.006051	0.577119	0.018170	0.799292
1161	0.008761	0.577152	0.022953	0.799373
1162	0.013495	0.577210	0.008511	0.799129
1163	0.024955	0.577350	0.009349	0.799143
1164	0.012874	0.577202	0.023193	0.799377
1165	0.016786	0.577250	0.011517	0.799180
1166	0.015425	0.577233	0.021601	0.799350
1167	0.022312	0.577317	0.008473	0.799129
1168	0.021922	0.577313	0.012553	0.799197
1169	0.010840	0.577177	0.014533	0.799231
1170	0.013365	0.577208	0.026843	0.799439
1171	0.008822	0.577153	0.021726	0.799353
1172	0.014996	0.577228	0.008932	0.799136
1173	0.023111	0.577327	0.008018	0.799121
1174	0.020108	0.577290	0.010361	0.799160
1175	0.017276	0.577256	0.007196	0.799107
1176	0.032918	0.577447	0.015913	0.799254
1177	0.012124	0.577193	0.017783	0.799286
1178	0.011331	0.577183	0.026850	0.799439
1179	0.013905	0.577215	0.010853	0.799169
1180	0.025360	0.577354	0.011258	0.799176
1181	0.013882	0.577214	0.012821	0.799202
1182	0.015037	0.577228	0.023436	0.799381
1183	0.010754	0.577176	0.010899	0.799170
1184	0.015239	0.577231	0.006721	0.799099
1185	0.016407	0.577245	0.012065	0.799189
1186	0.007416	0.577136	0.015150	0.799241
1187	0.018238	0.577268	0.012258	0.799192
1188	0.018156	0.577267	0.012657	0.799199
1189	0.015076	0.577229	0.020527	0.799332
1190	0.008959	0.577154	0.016113	0.799258
1191	0.020865	0.577300	0.024623	0.799401
1192	0.015628	0.577236	0.018942	0.799305
1193	0.010837	0.577177	0.008212	0.799124
1194	0.031066	0.577424	0.012831	0.799202
1195	0.016320	0.577244	0.034035	0.799561
1196	0.011373	0.577184	0.023318	0.799379
1197	0.020794	0.577299	0.020806	0.799337
1198	0.015201	0.577231	0.040401	0.799668
1199	0.019864	0.577287	0.022034	0.799358
1200	0.025589	0.577357	0.014343	0.799228
1201	0.015545	0.577235	0.022900	0.799372
1202	0.035674	0.577480	0.011269	0.799176
1203	0.011754	0.577188	0.034472	0.799568
1204	0.021365	0.577306	0.016282	0.799260
1205	0.011815	0.577189	0.013046	0.799206
1206	0.010468	0.577173	0.020894	0.799338
1207	0.017513	0.577259	0.017024	0.799273
1208	0.031252	0.577426	0.015778	0.799252
1209	0.026640	0.577370	0.008502	0.799129
1210	0.016220	0.577243	0.011161	0.799174
1211	0.022843	0.577324	0.020016	0.799324
1212	0.021573	0.577308	0.023181	0.799377
1213	0.022720	0.577322	0.013440	0.799212
1214	0.010528	0.577173	0.017557	0.799282
1215	0.023540	0.577332	0.027491	0.799450
1216	0.022938	0.577325	0.026633	0.799435
1217	0.012645	0.577199	0.014325	0.799227
1218	0.023620	0.577333	0.015406	0.799246
1219	0.014429	0.577221	0.015350	0.799245
1220	0.014195	0.577218	0.008342	0.799126
1221	0.008777	0.577152	0.019193	0.799310
1222	0.019893	0.577288	0.005073	0.799071
1223	0.036247	0.577487	0.026348	0.799431
1224	0.016972	0.577252	0.013045	0.799206
1225	0.013472	0.577209	0.016267	0.799260
1226	0.021760	0.577311	0.007438	0.799111
1227	0.022586	0.577321	0.015927	0.799254
1228	0.022799	0.577323	0.016107	0.799258
1229	0.007904	0.577141	0.020386	0.799330
1230	0.007549	0.577137	0.023608	0.799384
1231	0.007466	0.577136	0.023812	0.799388
1232	0.016808	0.577250	0.008805	0.799134
1233	0.021928	0.577313	0.013869	0.799220
1234	0.021958	0.577313	0.022784	0.799370
1235	0.008770	0.577152	0.016004	0.799256
1236	0.015868	0.577239	0.015035	0.799239
1237	0.010106	0.577168	0.009051	0.799138
1238	0.008905	0.577154	0.015199	0.799242
1239	0.009483	0.577161	0.013349	0.799211
1240	0.015126	0.577230	0.023056	0.799375
1241	0.037146	0.577498	0.024343	0.799397
1242	0.024280	0.577341	0.008143	0.799123
1243	0.015515	0.577234	0.011046	0.799172
1244	0.012434	0.577197	0.014149	0.799224
1245	0.007372	0.577135	0.017318	0.799278
1246	0.018269	0.577268	0.018086	0.799291
1247	0.015913	0.577239	0.018286	0.799294
1248	0.014083	0.577217	0.015147	0.799241
1249	0.018863	0.577275	0.018089	0.799291
1250	0.014791	0.577226	0.013084	0.799206
1251	0.011649	0.577187	0.014658	0.799233
1252	0.013908	0.577215	0.005864	0.799084
1253	0.014138	0.577218	0.009565	0.799147
1254	0.014244	0.577219	0.018856	0.799304
1255	0.010178	0.577169	0.012202	0.799192
1256	0.010338	0.577171	0.017284	0.799277
1257	0.018903	0.577276	0.015681	0.799250
1258	0.015307	0.577232	0.012167	0.799191
1259	0.013412	0.577209	0.008119	0.799123
1260	0.020118	0.577291	0.017587	0.799283
1261	0.008168	0.577145	0.015655	0.799250
1262	0.008183	0.577145	0.017289	0.799277
1263	0.015042	0.577229	0.019792	0.799320
1264	0.014973	0.577228	0.021270	0.799345
1265	0.015665	0.577236	0.012653	0.799199
1266	0.012262	0.577195	0.012776	0.799201
1267	0.014905	0.577227	0.022699	0.799369
1268	0.018765	0.577274	0.007132	0.799106
1269	0.019767	0.577286	0.009083	0.799139
1270	0.007222	0.577133	0.018839	0.799304
1271	0.010360	0.577171	0.016112	0.799258
1272	0.017872	0.577263	0.023220	0.799378
1273	0.014907	0.577227	0.009925	0.799153
1274	0.011660	0.577187	0.027223	0.799445
1275	0.016218	0.577243	0.009753	0.799150
1276	0.013311	0.577207	0.011916	0.799187
1277	0.034742	0.577469	0.010477	0.799162
1278	0.016061	0.577241	0.017680	0.799284
1279	0.015449	0.577233	0.011121	0.799173
1280	0.021418	0.577306	0.024293	0.799396
1281	0.022094	0.577315	0.023013	0.799374
1282	0.019985	0.577289	0.017721	0.799285
1283	0.014113	0.577217	0.013618	0.799215
1284	0.025862	0.577361	0.013184	0.799208
1285	0.021246	0.577304	0.026088	0.799426
1286	0.019516	0.577283	0.023873	0.799389
1287	0.009411	0.577160	0.015381	0.799245
1288	0.011259	0.577182	0.011057	0.799172
1289	0.014611	0.577223	0.030587	0.799502
1290	0.014764	0.577225	0.017288	0.799277
1291	0.015836	0.577238	0.023242	0.799378
1292	0.030422	0.577416	0.014799	0.799235
1293	0.008575	0.577150	0.016615	0.799266
1294	0.013604	0.577211	0.020559	0.799333
1295	0.010652	0.577175	0.020536	0.799332
1296	0.029267	0.577402	0.007839	0.799118
1297	0.027118	0.577376	0.020705	0.799335
1298	0.019308	0.577281	0.013119	0.799207
1299	0.022229	0.577316	0.010712	0.799166
1300	0.007276	0.577134	0.024928	0.799407
1301	0.010602	0.577174	0.014008	0.799222
1302	0.008371	0.577147	0.016234	0.799260
1303	0.010721	0.577176	0.024691	0.799403
1304	0.018696	0.577273	0.012143	0.799191
1305	0.017959	0.577264	0.016820	0.799270
1306	0.014241	0.577219	0.011097	0.799173
1307	0.024847	0.577348	0.013688	0.799217
1308	0.024010	0.577338	0.018079	0.799291
1309	0.012561	0.577198	0.022787	0.799370
1310	0.019049	0.577277	0.022517	0.799366
1311	0.013928	0.577215	0.019086	0.799308
1312	0.027984	0.577387	0.013622	0.799216
1313	0.025536	0.577357	0.020969	0.799340
1314	0.020124	0.577291	0.021578	0.799350
1315	0.026917	0.577374	0.016926	0.799271
1316	0.013462	0.577209	0.025583	0.799418
1317	0.026469	0.577368	0.019244	0.799311
1318	0.024665	0.577346	0.008131	0.799123
1319	0.033940	0.577459	0.020058	0.799324
1320	0.009184	0.577157	0.009326	0.799143
1321	0.020050	0.577290	0.020427	0.799331
1322	0.013195	0.577206	0.013294	0.799210
1323	0.012709	0.577200	0.010677	0.799166
1324	0.021943	0.577313	0.008841	0.799135
1325	0.021986	0.577313	0.009949	0.799153
1326	0.012274	0.577195	0.020348	0.799329
1327	0.013842	0.577214	0.013123	0.799207
1328	0.023530	0.577332	0.014118	0.799224
1329	0.018707	0.577273	0.012675	0.799200
1330	0.022634	0.577321	0.017616	0.799283
1331	0.011692	0.577188	0.012014	0.799188
1332	0.022976	0.577325	0.011406	0.799178
1333	0.015494	0.577234	0.025646	0.799419
1334	0.010588	0.577174	0.016333	0.799261
1335	0.024097	0.577339	0.011762	0.799184
1336	0.023728	0.577335	0.022409	0.799364
1337	0.014661	0.577224	0.014672	0.799233
1338	0.015566	0.577235	0.016794	0.799269
1339	0.012154	0.577193	0.012974	0.799205
1340	0.017329	0.577256	0.010579	0.799164
1341	0.015471	0.577234	0.013761	0.799218
1342	0.013389	0.577208	0.016053	0.799257
1343	0.022787	0.577323	0.011153	0.799174
1344	0.009952	0.577166	0.012942	0.799204
1345	0.016870	0.577251	0.018988	0.799306
1346	0.007205	0.577133	0.018944	0.799305
1347	0.008496	0.577149	0.006896	0.799102
1348	0.027954	0.577386	0.029593	0.799486
1349	0.016065	0.577241	0.020151	0.799326
1350	0.022708	0.577322	0.015257	0.799243
1351	0.014983	0.577228	0.014531	0.799231
1352	0.012854	0.577202	0.022629	0.799368
1353	0.016958	0.577252	0.016703	0.799268
1354	0.019712	0.577286	0.021425	0.799347
1355	0.020399	0.577294	0.018718	0.799302
1356	0.009324	0.577159	0.011583	0.799181
1357	0.030410	0.577416	0.019080	0.799308
1358	0.019757	0.577286	0.015510	0.799247
1359	0.020757	0.577298	0.010999	0.799171
1360	0.013529	0.577210	0.012526	0.799197
1361	0.015994	0.577240	0.014070	0.799223
1362	0.015812	0.577238	0.014408	0.799229
1363	0.017442	0.577258	0.020831	0.799337
1364	0.008269	0.577146	0.014189	0.799225
1365	0.004012	0.577094	0.008608	0.799131
1366	0.016026	0.577241	0.021554	0.799350
1367	0.005845	0.577116	0.025481	0.799416
1368	0.010206	0.577170	0.011673	0.799183
1369	0.016603	0.577248	0.027509	0.799450
1370	0.018514	0.577271	0.028252	0.799463
1371	0.030621	0.577419	0.012341	0.799194
1372	0.006676	0.577126	0.008144	0.799123
1373	0.010664	0.577175	0.017163	0.799275
1374	0.017383	0.577257	0.014895	0.799237
1375	0.012200	0.577194	0.014851	0.799236
1376	0.015932	0.577239	0.015901	0.799254
1377	0.025506	0.577356	0.016213	0.799259
1378	0.014790	0.577225	0.023202	0.799377
1379	0.010110	0.577168	0.009993	0.799154
1380	0.023277	0.577329	0.031352	0.799515
1381	0.007938	0.577142	0.009777	0.799151
1382	0.016302	0.577244	0.014835	0.799236
1383	0.014974	0.577228	0.013151	0.799208
1384	0.012005	0.577191	0.010192	0.799158
1385	0.008790	0.577152	0.024172	0.799394
1386	0.022553	0.577320	0.024193	0.799394
1387	0.011263	0.577182	0.016651	0.799267
1388	0.011016	0.577179	0.015533	0.799248
1389	0.010524	0.577173	0.016776	0.799269
1390	0.011641	0.577187	0.023012	0.799374
1391	0.010980	0.577179	0.019998	0.799323
1392	0.026920	0.577374	0.029170	0.799478
1393	0.026718	0.577371	0.016510	0.799264
1394	0.012517	0.577198	0.023323	0.799379
1395	0.012559	0.577198	0.025938	0.799424
1396	0.020871	0.577300	0.006715	0.799099
1397	0.012948	0.577203	0.020355	0.799329
1398	0.007038	0.577131	0.021483	0.799348
1399	0.020495	0.577295	0.026175	0.799428
1400	0.018845	0.577275	0.018692	0.799301
1401	0.029960	0.577411	0.018923	0.799305
1402	0.017630	0.577260	0.019869	0.799321
1403	0.012250	0.577194	0.010225	0.799158
1404	0.012217	0.577194	0.019022	0.799307
1405	0.010936	0.577178	0.011465	0.799179
1406	0.009989	0.577167	0.020359	0.799329
1407	0.023291	0.577329	0.007771	0.799117
1408	0.018537	0.577271	0.017406	0.799279
1409	0.025506	0.577356	0.010988	0.799171
1410	0.006414	0.577123	0.014995	0.799239
1411	0.016372	0.577245	0.006139	0.799089
1412	0.021541	0.577308	0.010725	0.799167
1413	0.013550	0.577210	0.041955	0.799695
1414	0.019300	0.577281	0.010662	0.799166
1415	0.018903	0.577276	0.013495	0.799213
1416	0.011810	0.577189	0.013385	0.799212
1417	0.013760	0.577213	0.009297	0.799142
1418	0.021794	0.577311	0.018941	0.799305
1419	0.013946	0.577215	0.014047	0.799223
1420	0.011935	0.577191	0.020017	0.799324
1421	0.017498	0.577259	0.019612	0.799317
1422	0.018910	0.577276	0.021370	0.799347
1423	0.019342	0.577281	0.010563	0.799164
1424	0.014196	0.577218	0.016597	0.799266
1425	0.014016	0.577216	0.018838	0.799304
1426	0.020618	0.577297	0.022487	0.799365
1427	0.023040	0.577326	0.006043	0.799087
1428	0.016638	0.577248	0.011346	0.799177
1429	0.017326	0.577256	0.015705	0.799251
1430	0.015739	0.577237	0.016684	0.799267
1431	0.019653	0.577285	0.011443	0.799179
1432	0.027481	0.577380	0.011673	0.799183
1433	0.017227	0.577255	0.018854	0.799304
1434	0.014080	0.577217	0.023795	0.799387
1435	0.015730	0.577237	0.013989	0.799222
1436	0.018652	0.577273	0.018270	0.799294
1437	0.005311	0.577110	0.018034	0.799290
1438	0.019701	0.577285	0.028499	0.799467
1439	0.015957	0.577240	0.013660	0.799216
1440	0.015175	0.577230	0.009288	0.799142
1441	0.016500	0.577246	0.012995	0.799205
1442	0.014880	0.577227	0.024350	0.799397
1443	0.031597	0.577431	0.017031	0.799273
1444	0.013986	0.577216	0.012297	0.799193
1445	0.005795	0.577116	0.027966	0.799458
1446	0.013751	0.577213	0.016879	0.799271
1447	0.012043	0.577192	0.021180	0.799343
1448	0.021211	0.577304	0.020078	0.799325
1449	0.019002	0.577277	0.016927	0.799271
1450	0.014510	0.577222	0.019888	0.799321
1451	0.008795	0.577152	0.021870	0.799355
1452	0.012626	0.577199	0.014584	0.799232
1453	0.019298	0.577281	0.027125	0.799444
1454	0.007085	0.577131	0.009254	0.799142
1455	0.009325	0.577159	0.011884	0.799186
1456	0.008202	0.577145	0.012301	0.799193
1457	0.008088	0.577144	0.011851	0.799186
1458	0.011112	0.577181	0.023274	0.799379
1459	0.016148	0.577242	0.025929	0.799424
1460	0.016265	0.577243	0.016944	0.799272
1461	0.026402	0.577367	0.023858	0.799389
1462	0.022252	0.577317	0.009738	0.799150
1463	0.017979	0.577264	0.014022	0.799222
1464	0.016836	0.577250	0.011860	0.799186
1465	0.014371	0.577220	0.013171	0.799208
1466	0.019602	0.577284	0.010314	0.799160
1467	0.015456	0.577234	0.023092	0.799376
1468	0.009572	0.577162	0.009285	0.799142
1469	0.009789	0.577164	0.016380	0.799262
1470	0.009397	0.577160	0.016904	0.799271
1471	0.022645	0.577321	0.020927	0.799339
1472	0.017411	0.577257	0.014227	0.799226
1473	0.022584	0.577321	0.029948	0.799492
1474	0.012128	0.577193	0.015568	0.799248
1475	0.010037	0.577167	0.009285	0.799142
1476	0.021001	0.577301	0.013698	0.799217
1477	0.007114	0.577132	0.009606	0.799148
1478	0.013727	0.577213	0.016163	0.799258
1479	0.017502	0.577259	0.017601	0.799283
1480	0.010345	0.577171	0.004618	0.799063
1481	0.012149	0.577193	0.005364	0.799076
1482	0.011490	0.577185	0.009505	0.799146
1483	0.010406	0.577172	0.011825	0.799185
1484	0.015868	0.577239	0.011277	0.799176
1485	0.022405	0.577318	0.026315	0.799430
1486	0.031660	0.577431	0.021019	0.799341
1487	0.009308	0.577159	0.020224	0.799327
1488	0.018632	0.577272	0.018425	0.799297
1489	0.020995	0.577301	0.011651	0.799182
1490	0.016443	0.577246	0.019275	0.799311
1491	0.016038	0.577241	0.023621	0.799385
1492	0.018268	0.577268	0.015267	0.799243
1493	0.019106	0.577278	0.015533	0.799248
1494	0.014405	0.577221	0.012346	0.799194
1495	0.010167	0.577169	0.012170	0.799191
1496	0.021999	0.577313	0.030459	0.799500
1497	0.017340	0.577257	0.017572	0.799282
1498	0.015382	0.577233	0.019508	0.799315
1499	0.011482	0.577185	0.024441	0.799398
1500	0.011891	0.577190	0.018074	0.799291
1501	0.010811	0.577177	0.015259	0.799243
1502	0.016188	0.577243	0.033242	0.799547
1503	0.028239	0.577390	0.025780	0.799421
1504	0.021148	0.577303	0.012125	0.799190
1505	0.020642	0.577297	0.023585	0.799384
1506	0.027996	0.577387	0.019419	0.799313
1507	0.011385	0.577184	0.008572	0.799130
1508	0.019954	0.577289	0.012179	0.799191
1509	0.006173	0.577120	0.021630	0.799351
1510	0.020772	0.577299	0.013822	0.799219
1511	0.017395	0.577257	0.018715	0.799302
1512	0.016693	0.577249	0.020528	0.799332
1513	0.008847	0.577153	0.020495	0.799332
1514	0.013167	0.577206	0.009002	0.799137
1515	0.020334	0.577293	0.009693	0.799149
1516	0.007565	0.577137	0.016710	0.799268
1517	0.009175	0.577157	0.014381	0.799228
1518	0.017369	0.577257	0.013990	0.799222
1519	0.018447	0.577270	0.016364	0.799262
1520	0.010847	0.577177	0.017517	0.799281
1521	0.020305	0.577293	0.014295	0.799227
1522	0.020265	0.577292	0.023629	0.799385
1523	0.017535	0.577259	0.021556	0.799350
1524	0.011383	0.577184	0.015402	0.799246
1525	0.024771	0.577347	0.009215	0.799141
1526	0.014154	0.577218	0.007405	0.799110
1527	0.017310	0.577256	0.011598	0.799181
1528	0.021703	0.577310	0.008738	0.799133
1529	0.005819	0.577116	0.020397	0.799330
1530	0.013316	0.577208	0.008945	0.799137
1531	0.018032	0.577265	0.027009	0.799442
1532	0.009516	0.577161	0.021811	0.799354
1533	0.008630	0.577150	0.019161	0.799309
1534	0.008526	0.577149	0.016660	0.799267
1535	0.019210	0.577279	0.017511	0.799281
1536	0.025655	0.577358	0.012670	0.799199
1537	0.012874	0.577202	0.008898	0.799136
1538	0.009489	0.577161	0.013100	0.799207
1539	0.009169	0.577157	0.011904	0.799187
1540	0.030479	0.577417	0.016839	0.799270
1541	0.016767	0.577250	0.020253	0.799328
1542	0.009622	0.577162	0.014010	0.799222
1543	0.007335	0.577134	0.012015	0.799188
1544	0.022674	0.577322	0.010216	0.799158
1545	0.019149	0.577279	0.015129	0.799241
1546	0.009232	0.577158	0.011206	0.799175
1547	0.015589	0.577235	0.016453	0.799263
1548	0.012369	0.577196	0.008689	0.799132
1549	0.012827	0.577201	0.021923	0.799356
1550	0.009783	0.577164	0.011796	0.799185
1551	0.014691	0.577224	0.020274	0.799328
1552	0.017776	0.577262	0.019340	0.799312
1553	0.010379	0.577172	0.020409	0.799330
1554	0.009172	0.577157	0.012115	0.799190
1555	0.015443	0.577233	0.013032	0.799206
1556	0.015757	0.577237	0.025753	0.799421
1557	0.011233	0.577182	0.009282	0.799142
1558	0.017058	0.577253	0.016087	0.799257
1559	0.013044	0.577204	0.010377	0.799161
1560	0.014631	0.577224	0.008326	0.799126
1561	0.029916	0.577410	0.022905	0.799372
1562	0.015295	0.577232	0.017869	0.799287
1563	0.017676	0.577261	0.006292	0.799092
1564	0.018947	0.577276	0.006017	0.799087
1565	0.020644	0.577297	0.020351	0.799329
1566	0.007741	0.577139	0.010884	0.799169
1567	0.008265	0.577146	0.013504	0.799214
1568	0.012206	0.577194	0.013971	0.799221
1569	0.009977	0.577167	0.025719	0.799420
1570	0.012470	0.577197	0.023951	0.799390
1571	0.011208	0.577182	0.015839	0.799253
1572	0.019810	0.577287	0.010460	0.799162
1573	0.012750	0.577201	0.017577	0.799282
1574	0.021182	0.577303	0.009701	0.799149
1575	0.014942	0.577227	0.015920	0.799254
1576	0.013344	0.577208	0.016658	0.799267
1577	0.012702	0.577200	0.010683	0.799166
1578	0.014983	0.577228	0.017336	0.799278
1579	0.018678	0.577273	0.016020	0.799256
1580	0.014687	0.577224	0.010994	0.799171
1581	0.012634	0.577199	0.011937	0.799187
1582	0.012877	0.577202	0.014520	0.799231
1583	0.006120	0.577120	0.019214	0.799310
1584	0.011776	0.577189	0.016515	0.799264
1585	0.022998	0.577326	0.017039	0.799273
1586	0.017054	0.577253	0.013423	0.799212
1587	0.033222	0.577451	0.023857	0.799389
1588	0.018855	0.577275	0.015526	0.799248
1589	0.010692	0.577175	0.011032	0.799172
1590	0.008943	0.577154	0.008588	0.799130
1591	0.026070	0.577363	0.013622	0.799216
1592	0.024059	0.577339	0.020614	0.799334
1593	0.023776	0.577335	0.020069	0.799325
1594	0.011109	0.577181	0.015097	0.799240
1595	0.011463	0.577185	0.012879	0.799203
1596	0.010190	0.577169	0.021697	0.799352
1597	0.024462	0.577344	0.013714	0.799217
1598	0.018099	0.577266	0.022010	0.799357
1599	0.009435	0.577160	0.006588	0.799097
1600	0.008166	0.577145	0.023616	0.799384
1601	0.022293	0.577317	0.006323	0.799092
1602	0.023584	0.577333	0.018322	0.799295
1603	0.019407	0.577282	0.009572	0.799147
1604	0.019148	0.577279	0.017297	0.799278
1605	0.027141	0.577376	0.020238	0.799327
1606	0.021937	0.577313	0.026212	0.799428
1607	0.018720	0.577273	0.014849	0.799236
1608	0.025583	0.577357	0.013398	0.799212
1609	0.009827	0.577165	0.023789	0.799387
1610	0.023994	0.577338	0.022429	0.799364
1611	0.018329	0.577269	0.023414	0.799381
1612	0.020883	0.577300	0.019877	0.799321
1613	0.016779	0.577250	0.016760	0.799269
1614	0.017957	0.577264	0.013004	0.799205
1615	0.018636	0.577272	0.012183	0.799191
1616	0.028939	0.577398	0.021523	0.799349
1617	0.017364	0.577257	0.011524	0.799180
1618	0.014570	0.577223	0.024160	0.799394
1619	0.018900	0.577276	0.006884	0.799102
1620	0.019396	0.577282	0.018458	0.799297
1621	0.019027	0.577277	0.017950	0.799289
1622	0.011902	0.577190	0.031291	0.799514
1623	0.014921	0.577227	0.020886	0.799338
1624	0.006431	0.577123	0.019853	0.799321
1625	0.018267	0.577268	0.013468	0.799213
1626	0.014970	0.577228	0.006578	0.799097
1627	0.022614	0.577321	0.019956	0.799323
1628	0.014870	0.577226	0.017953	0.799289
1629	0.015789	0.577238	0.008528	0.799129
1630	0.019682	0.577285	0.022334	0.799363
1631	0.019141	0.577279	0.012308	0.799193
1632	0.019567	0.577284	0.012500	0.799197
1633	0.021758	0.577311	0.011895	0.799186
1634	0.018578	0.577272	0.016947	0.799272
1635	0.013605	0.577211	0.030645	0.799503
1636	0.022828	0.577324	0.020439	0.799331
1637	0.025510	0.577356	0.026712	0.799437
1638	0.020481	0.577295	0.018923	0.799305
1639	0.020572	0.577296	0.018824	0.799303
1640	0.021494	0.577307	0.026558	0.799434
1641	0.012955	0.577203	0.012880	0.799203
1642	0.012047	0.577192	0.028172	0.799461
1643	0.013428	0.577209	0.019138	0.799309
1644	0.013399	0.577209	0.021401	0.799347
1645	0.009804	0.577165	0.026571	0.799434
1646	0.029571	0.577406	0.025776	0.799421
1647	0.015469	0.577234	0.011041	0.799172
1648	0.012274	0.577195	0.028206	0.799462
1649	0.022319	0.577317	0.012788	0.799201
1650	0.047259	0.577622	0.022781	0.799370
1651	0.013038	0.577204	0.009788	0.799151
1652	0.015889	0.577239	0.023499	0.799382
1653	0.008153	0.577145	0.021354	0.799346
1654	0.014382	0.577220	0.016198	0.799259
1655	0.013654	0.577212	0.032511	0.799535
1656	0.020153	0.577291	0.013437	0.799212
1657	0.010122	0.577169	0.019984	0.799323
1658	0.015541	0.577235	0.013949	0.799221
1659	0.012517	0.577198	0.007242	0.799108
1660	0.015886	0.577239	0.006476	0.799095
1661	0.012156	0.577193	0.015895	0.799254
1662	0.011662	0.577187	0.012950	0.799204
1663	0.022288	0.577317	0.012030	0.799189
1664	0.020434	0.577294	0.023365	0.799380
1665	0.016132	0.577242	0.016680	0.799267
1666	0.014859	0.577226	0.020089	0.799325
1667	0.012167	0.577193	0.010578	0.799164
1668	0.021228	0.577304	0.013335	0.799211
1669	0.012523	0.577198	0.014518	0.799231
1670	0.024640	0.577346	0.014655	0.799233
1671	0.014875	0.577227	0.020701	0.799335
1672	0.009306	0.577159	0.012883	0.799203
1673	0.017622	0.577260	0.019479	0.799314
1674	0.019412	0.577282	0.013568	0.799215
1675	0.015631	0.577236	0.016526	0.799265
1676	0.023196	0.577328	0.018341	0.799295
1677	0.019036	0.577277	0.021086	0.799342
1678	0.014218	0.577218	0.013600	0.799215
1679	0.017453	0.577258	0.029419	0.799483
1680	0.019916	0.577288	0.023093	0.799376
1681	0.009259	0.577158	0.014088	0.799223
1682	0.020197	0.577291	0.008734	0.799133
1683	0.033156	0.577450	0.011088	0.799173
1684	0.017919	0.577264	0.012632	0.799199
1685	0.014964	0.577228	0.019957	0.799323
1686	0.009365	0.577159	0.012696	0.799200
1687	0.006700	0.577127	0.023108	0.799376
1688	0.006661	0.577126	0.010394	0.799161
1689	0.008322	0.577147	0.017031	0.799273
1690	0.020382	0.577294	0.012565	0.799198
1691	0.021351	0.577306	0.011100	0.799173
1692	0.019809	0.577287	0.013360	0.799211
1693	0.008868	0.577153	0.012929	0.799204
1694	0.023710	0.577334	0.016164	0.799258
1695	0.029329	0.577403	0.015654	0.799250
1696	0.015010	0.577228	0.011554	0.799181
1697	0.010095	0.577168	0.019363	0.799313
1698	0.009077	0.577156	0.020002	0.799323
1699	0.012313	0.577195	0.019855	0.799321
1700	0.022644	0.577321	0.015886	0.799254
1701	0.010618	0.577175	0.016907	0.799271
1702	0.032354	0.577440	0.018894	0.799305
1703	0.009128	0.577156	0.010521	0.799163
1704	0.011644	0.577187	0.019149	0.799309
1705	0.014437	0.577221	0.025600	0.799418
1706	0.008586	0.577150	0.020442	0.799331
1707	0.008569	0.577150	0.022238	0.799361
1708	0.020778	0.577299	0.012638	0.799199
1709	0.013101	0.577205	0.017053	0.799273
1710	0.028722	0.577396	0.010447	0.799162
1711	0.020043	0.577290	0.014121	0.799224
1712	0.014942	0.577227	0.027234	0.799446
1713	0.015132	0.577230	0.018209	0.799293
1714	0.010268	0.577170	0.014204	0.799225
1715	0.035356	0.577477	0.008969	0.799137
1716	0.010862	0.577178	0.014277	0.799227
1717	0.024487	0.577344	0.007935	0.799119
1718	0.021750	0.577310	0.027770	0.799455
1719	0.019673	0.577285	0.009934	0.799153
1720	0.014398	0.577221	0.010647	0.799165
1721	0.022660	0.577322	0.013787	0.799218
1722	0.014288	0.577219	0.012524	0.799197
1723	0.021584	0.577308	0.024352	0.799397
1724	0.007015	0.577131	0.021715	0.799352
1725	0.010322	0.577171	0.015243	0.799243
1726	0.010325	0.577171	0.022557	0.799367
1727	0.019419	0.577282	0.026576	0.799434
1728	0.011189	0.577182	0.013602	0.799215
1729	0.014669	0.577224	0.012395	0.799195
1730	0.016584	0.577247	0.021603	0.799350
1731	0.022391	0.577318	0.015188	0.799242
1732	0.022383	0.577318	0.010901	0.799170
1733	0.020501	0.577295	0.012995	0.799205
1734	0.020887	0.577300	0.020947	0.799339
1735	0.020791	0.577299	0.022413	0.799364
1736	0.015460	0.577234	0.021480	0.799348
1737	0.013245	0.577207	0.018258	0.799294
1738	0.021812	0.577311	0.023544	0.799383
1739	0.020547	0.577296	0.012132	0.799190
1740	0.020100	0.577290	0.014004	0.799222
1741	0.019731	0.577286	0.021169	0.799343
1742	0.014727	0.577225	0.020260	0.799328
1743	0.014372	0.577220	0.019036	0.799307
1744	0.023239	0.577329	0.010126	0.799156
1745	0.018625	0.577272	0.024332	0.799397
1746	0.031027	0.577424	0.011943	0.799187
1747	0.013461	0.577209	0.011896	0.799186
1748	0.010931	0.577178	0.007066	0.799105
1749	0.022307	0.577317	0.025100	0.799410
1750	0.022727	0.577322	0.021477	0.799348
1751	0.016733	0.577249	0.025069	0.799409
1752	0.016293	0.577244	0.016393	0.799262
1753	0.019628	0.577285	0.008860	0.799135
1754	0.024382	0.577343	0.018227	0.799293
1755	0.021006	0.577301	0.005545	0.799079
1756	0.010448	0.577172	0.011349	0.799177
1757	0.009907	0.577166	0.025214	0.799411
1758	0.010585	0.577174	0.022732	0.799370
1759	0.011101	0.577180	0.023242	0.799378
1760	0.023363	0.577330	0.015883	0.799254
1761	0.023331	0.577330	0.017366	0.799279
1762	0.012250	0.577194	0.019279	0.799311
1763	0.015650	0.577236	0.010955	0.799170
1764	0.007311	0.577134	0.012714	0.799200
1765	0.007359	0.577135	0.015114	0.799241
1766	0.016518	0.577247	0.033040	0.799544
1767	0.016658	0.577248	0.010374	0.799161
1768	0.022831	0.577324	0.015635	0.799250
1769	0.012495	0.577197	0.010616	0.799165
1770	0.015783	0.577238	0.021686	0.799352
1771	0.010875	0.577178	0.014870	0.799237
1772	0.017233	0.577255	0.012813	0.799202
1773	0.017077	0.577253	0.009831	0.799151
1774	0.013244	0.577207	0.011047	0.799172
1775	0.016632	0.577248	0.007525	0.799112
1776	0.018994	0.577277	0.014636	0.799233
1777	0.019173	0.577279	0.017238	0.799277
1778	0.023870	0.577336	0.009175	0.799140
1779	0.009632	0.577163	0.013170	0.799208
1780	0.005375	0.577111	0.017819	0.799286
1781	0.012731	0.577200	0.015417	0.799246
1782	0.010352	0.577171	0.010196	0.799158
1783	0.018529	0.577271	0.010613	0.799165
1784	0.019163	0.577279	0.009229	0.799141
1785	0.009174	0.577157	0.006504	0.799095
1786	0.017675	0.577261	0.019876	0.799321
1787	0.012139	0.577193	0.010030	0.799155
1788	0.012635	0.577199	0.014293	0.799227
1789	0.008945	0.577154	0.008784	0.799134
1790	0.012533	0.577198	0.020806	0.799337
1791	0.014812	0.577226	0.017884	0.799288
1792	0.011170	0.577181	0.013270	0.799210
1793	0.019033	0.577277	0.006414	0.799094
1794	0.018383	0.577269	0.018974	0.799306
1795	0.029224	0.577402	0.012821	0.799202
1796	0.008883	0.577153	0.029219	0.799479
1797	0.013885	0.577214	0.016765	0.799269
1798	0.017055	0.577253	0.016955	0.799272
1799	0.014711	0.577224	0.019932	0.799322
1800	0.019655	0.577285	0.021205	0.799344
1801	0.028362	0.577391	0.020012	0.799323
1802	0.028460	0.577392	0.026396	0.799431
1803	0.017949	0.577264	0.013553	0.799214
1804	0.018852	0.577275	0.014436	0.799229
1805	0.015901	0.577239	0.007156	0.799106
1806	0.021542	0.577308	0.009791	0.799151
1807	0.021102	0.577303	0.028767	0.799472
1808	0.021562	0.577308	0.015992	0.799256
1809	0.013077	0.577205	0.017007	0.799273
1810	0.021589	0.577308	0.017302	0.799278
1811	0.020148	0.577291	0.015898	0.799254
1812	0.011763	0.577189	0.018566	0.799299
1813	0.010479	0.577173	0.014810	0.799236
1814	0.019440	0.577282	0.012570	0.799198
1815	0.011004	0.577179	0.021493	0.799349
1816	0.021643	0.577309	0.026257	0.799429
1817	0.017328	0.577256	0.023354	0.799380
1818	0.012571	0.577198	0.013760	0.799218
1819	0.019971	0.577289	0.021158	0.799343
1820	0.011571	0.577186	0.015492	0.799247
1821	0.013339	0.577208	0.017007	0.799273
1822	0.018242	0.577268	0.008857	0.799135
1823	0.008342	0.577147	0.022914	0.799373
1824	0.010128	0.577169	0.014842	0.799236
1825	0.017322	0.577256	0.029522	0.799484
1826	0.015671	0.577236	0.024772	0.799404
1827	0.023500	0.577332	0.025255	0.799412
1828	0.011120	0.577181	0.007901	0.799119
1829	0.012002	0.577191	0.011604	0.799181
1830	0.023402	0.577331	0.018793	0.799303
1831	0.013611	0.577211	0.016061	0.799257
1832	0.010906	0.577178	0.015420	0.799246
1833	0.020607	0.577296	0.018643	0.799300
1834	0.016290	0.577244	0.008060	0.799122
1835	0.021851	0.577312	0.008527	0.799129
1836	0.022123	0.577315	0.020140	0.799326
1837	0.022401	0.577318	0.023092	0.799376
1838	0.009400	0.577160	0.017943	0.799289
1839	0.015068	0.577229	0.018424	0.799297
1840	0.010447	0.577172	0.013001	0.799205
1841	0.022189	0.577316	0.011919	0.799187
1842	0.015675	0.577236	0.023775	0.799387
1843	0.024870	0.577349	0.011109	0.799173
1844	0.015238	0.577231	0.015305	0.799244
1845	0.009195	0.577157	0.028828	0.799473
1846	0.010124	0.577169	0.021901	0.799355
1847	0.020119	0.577291	0.020800	0.799337
1848	0.015381	0.577233	0.020858	0.799338
1849	0.026289	0.577366	0.025593	0.799418
1850	0.019398	0.577282	0.010027	0.799155
1851	0.018506	0.577271	0.019522	0.799315
1852	0.005590	0.577113	0.022475	0.799365
1853	0.008362	0.577147	0.007208	0.799107
1854	0.011499	0.577185	0.013794	0.799218
1855	0.011830	0.577189	0.014627	0.799233
1856	0.023203	0.577328	0.011942	0.799187
1857	0.020297	0.577293	0.020107	0.799325
1858	0.014476	0.577222	0.013335	0.799211
1859	0.013917	0.577215	0.025283	0.799413
1860	0.013201	0.577206	0.012466	0.799196
1861	0.019493	0.577283	0.022391	0.799364
1862	0.020270	0.577292	0.004222	0.799057
1863	0.015220	0.577231	0.020553	0.799333
1864	0.014190	0.577218	0.012098	0.799190
1865	0.022253	0.577317	0.012067	0.799189
1866	0.009184	0.577157	0.011755	0.799184
1867	0.007968	0.577142	0.024006	0.799391
1868	0.020697	0.577298	0.020928	0.799339
1869	0.022170	0.577316	0.012653	0.799199
1870	0.015070	0.577229	0.015127	0.799241
1871	0.041110	0.577547	0.014408	0.799229
1872	0.013981	0.577216	0.014416	0.799229
1873	0.034361	0.577464	0.015493	0.799247
1874	0.033845	0.577458	0.019887	0.799321
1875	0.015082	0.577229	0.009171	0.799140
1876	0.015566	0.577235	0.018429	0.799297
1877	0.024744	0.577347	0.021062	0.799341
1878	0.022623	0.577321	0.029397	0.799482
1879	0.017129	0.577254	0.041141	0.799681
1880	0.013567	0.577211	0.015361	0.799245
1881	0.018996	0.577277	0.019100	0.799308
1882	0.018960	0.577276	0.011767	0.799184
1883	0.015601	0.577235	0.025092	0.799409
1884	0.017336	0.577257	0.026529	0.799434
1885	0.016962	0.577252	0.016385	0.799262
1886	0.015898	0.577239	0.015629	0.799249
1887	0.029490	0.577405	0.005523	0.799079
1888	0.009135	0.577156	0.017362	0.799279
1889	0.021753	0.577310	0.010186	0.799157
1890	0.009043	0.577155	0.015447	0.799246
1891	0.012951	0.577203	0.018276	0.799294
1892	0.010873	0.577178	0.018302	0.799295
1893	0.010421	0.577172	0.033342	0.799549
1894	0.020035	0.577290	0.018506	0.799298
1895	0.011113	0.577181	0.018295	0.799295
1896	0.009726	0.577164	0.023192	0.799377
1897	0.010778	0.577177	0.008485	0.799129
1898	0.020275	0.577292	0.012805	0.799202
1899	0.015003	0.577228	0.024530	0.799400
1900	0.009852	0.577165	0.010661	0.799165
1901	0.015971	0.577240	0.012831	0.799202
1902	0.014819	0.577226	0.020663	0.799335
1903	0.010560	0.577174	0.020126	0.799325
1904	0.027798	0.577384	0.010213	0.799158
1905	0.022765	0.577323	0.009393	0.799144
1906	0.019123	0.577278	0.018042	0.799290
1907	0.021614	0.577309	0.027176	0.799445
1908	0.012922	0.577203	0.005971	0.799086
1909	0.007794	0.577140	0.012665	0.799199
1910	0.016286	0.577244	0.010041	0.799155
1911	0.013073	0.577205	0.023365	0.799380
1912	0.009415	0.577160	0.020726	0.799336
1913	0.023382	0.577330	0.011608	0.799182
1914	0.033948	0.577459	0.016768	0.799269
1915	0.021132	0.577303	0.024035	0.799392
1916	0.023250	0.577329	0.019987	0.799323
1917	0.014106	0.577217	0.018659	0.799301
1918	0.013973	0.577215	0.015041	0.799240
1919	0.019764	0.577286	0.020514	0.799332
1920	0.019877	0.577288	0.030917	0.799508
1921	0.008472	0.577148	0.008671	0.799132
1922	0.017809	0.577262	0.012315	0.799193
1923	0.024872	0.577349	0.021792	0.799354
1924	0.005309	0.577110	0.016837	0.799270
1925	0.019591	0.577284	0.006803	0.799100
1926	0.019199	0.577279	0.020048	0.799324
1927	0.005423	0.577111	0.016624	0.799266
1928	0.027200	0.577377	0.022937	0.799373
1929	0.013408	0.577209	0.009114	0.799139
1930	0.003908	0.577093	0.017297	0.799278
1931	0.015858	0.577239	0.008178	0.799124
1932	0.019018	0.577277	0.010491	0.799163
1933	0.013902	0.577215	0.013996	0.799222
1934	0.014867	0.577226	0.011410	0.799178
1935	0.024485	0.577344	0.016246	0.799260
1936	0.017578	0.577259	0.016755	0.799268
1937	0.011152	0.577181	0.010296	0.799159
1938	0.013779	0.577213	0.010431	0.799162
1939	0.012927	0.577203	0.028303	0.799464
1940	0.009065	0.577156	0.017530	0.799282
1941	0.013362	0.577208	0.025332	0.799413
1942	0.017574	0.577259	0.023973	0.799390
1943	0.016145	0.577242	0.018064	0.799291
1944	0.015659	0.577236	0.012297	0.799193
1945	0.026468	0.577368	0.008990	0.799137
1946	0.016678	0.577249	0.010856	0.799169
1947	0.018203	0.577267	0.007814	0.799117
1948	0.006903	0.577129	0.014434	0.799229
1949	0.010707	0.577176	0.017184	0.799276
1950	0.010271	0.577170	0.013342	0.799211
1951	0.007968	0.577142	0.015179	0.799242
1952	0.007395	0.577135	0.010500	0.799163
1953	0.021710	0.577310	0.018801	0.799303
1954	0.018829	0.577275	0.019488	0.799315
1955	0.016879	0.577251	0.014158	0.799225
1956	0.013765	0.577213	0.013447	0.799213
1957	0.013648	0.577212	0.021900	0.799355
1958	0.014998	0.577228	0.022793	0.799371
1959	0.022284	0.577317	0.022048	0.799358
1960	0.022504	0.577320	0.019178	0.799309
1961	0.022605	0.577321	0.015203	0.799242
1962	0.022493	0.577320	0.014847	0.799236
1963	0.013000	0.577204	0.005764	0.799083
1964	0.021405	0.577306	0.023995	0.799391
1965	0.023258	0.577329	0.016124	0.799258
1966	0.008891	0.577154	0.004264	0.799057
1967	0.023040	0.577326	0.022619	0.799368
1968	0.026689	0.577371	0.027370	0.799448
1969	0.027548	0.577381	0.021710	0.799352
1970	0.016115	0.577242	0.009145	0.799140
1971	0.008993	0.577155	0.019439	0.799314
1972	0.012849	0.577202	0.018925	0.799305
1973	0.016223	0.577243	0.010613	0.799165
1974	0.029590	0.577406	0.028766	0.799471
1975	0.021740	0.577310	0.015547	0.799248
1976	0.021376	0.577306	0.013268	0.799210
1977	0.018953	0.577276	0.015952	0.799255
1978	0.011914	0.577190	0.017098	0.799274
1979	0.013101	0.577205	0.024388	0.799397
1980	0.025382	0.577355	0.018632	0.799300
1981	0.029493	0.577405	0.018540	0.799299
1982	0.009783	0.577164	0.018849	0.799304
1983	0.013295	0.577207	0.018777	0.799303
1984	0.020254	0.577292	0.032622	0.799537
1985	0.011074	0.577180	0.009325	0.799143
1986	0.011550	0.577186	0.008240	0.799125
1987	0.017968	0.577264	0.013392	0.799212
1988	0.020960	0.577301	0.016525	0.799265
1989	0.014616	0.577223	0.017952	0.799289
1990	0.012506	0.577198	0.012909	0.799204
1991	0.012131	0.577193	0.015574	0.799249
1992	0.009604	0.577162	0.014349	0.799228
1993	0.019142	0.577279	0.012370	0.799194
1994	0.014737	0.577225	0.019109	0.799308
1995	0.021642	0.577309	0.016658	0.799267
1996	0.015374	0.577233	0.011912	0.799187
1997	0.012912	0.577203	0.019147	0.799309
1998	0.021971	0.577313	0.017631	0.799283
1999	0.019108	0.577278	0.015450	0.799246
2000	0.015375	0.577233	0.014568	0.799232
2001	0.010510	0.577173	0.006708	0.799099
2002	0.021455	0.577307	0.023082	0.799375
2003	0.005835	0.577116	0.022682	0.799369
2004	0.024197	0.577340	0.022496	0.799366
2005	0.014907	0.577227	0.016225	0.799260
2006	0.030806	0.577421	0.023608	0.799384
2007	0.011894	0.577190	0.012723	0.799200
2008	0.013309	0.577207	0.016177	0.799259
2009	0.013439	0.577209	0.008247	0.799125
2010	0.015782	0.577238	0.021912	0.799356
2011	0.013861	0.577214	0.024525	0.799400
2012	0.010499	0.577173	0.011585	0.799181
2013	0.013061	0.577204	0.021568	0.799350
2014	0.021850	0.577312	0.020059	0.799324
2015	0.024300	0.577342	0.016014	0.799256
2016	0.009694	0.577163	0.018002	0.799290
2017	0.021160	0.577303	0.021988	0.799357
2018	0.021908	0.577312	0.010199	0.799158
2019	0.018483	0.577271	0.020233	0.799327
2020	0.013760	0.577213	0.014775	0.799235
2021	0.018746	0.577274	0.023362	0.799380
2022	0.009046	0.577155	0.012983	0.799205
2023	0.012977	0.577203	0.019892	0.799322
2024	0.015201	0.577231	0.016921	0.799271
2025	0.009183	0.577157	0.009051	0.799138
2026	0.015633	0.577236	0.015399	0.799246
2027	0.030644	0.577419	0.019238	0.799310
2028	0.030705	0.577420	0.016333	0.799261
2029	0.019256	0.577280	0.022811	0.799371
2030	0.018103	0.577266	0.008552	0.799130
2031	0.015015	0.577228	0.024647	0.799402
2032	0.017115	0.577254	0.014339	0.799228
2033	0.021842	0.577312	0.011898	0.799186
2034	0.007710	0.577139	0.024900	0.799406
2035	0.013275	0.577207	0.025131	0.799410
2036	0.020975	0.577301	0.023719	0.799386
2037	0.020479	0.577295	0.016632	0.799266
2038	0.016590	0.577247	0.012720	0.799200
2039	0.012495	0.577197	0.015448	0.799246
2040	0.012276	0.577195	0.012453	0.799196
2041	0.015056	0.577229	0.021168	0.799343
2042	0.014897	0.577227	0.006719	0.799099
2043	0.023513	0.577332	0.014246	0.799226
2044	0.015104	0.577229	0.020476	0.799331
2045	0.013301	0.577207	0.023838	0.799388
2046	0.008342	0.577147	0.013097	0.799207
2047	0.021894	0.577312	0.008674	0.799132
2048	0.015311	0.577232	0.014569	0.799232
